0,3433345,1,0;0,4030602,0,8930009,0,0001946503;0,4784413,0,8009333,0,001627511;0,5452292,0,7086834,0,004515366;0,5662696,0,6005854,0,009438912;0,4494013,0,5854613,0,008228695;0,3409075,0,6170323,0,005907539;0,2290285,0,652598,0,004505927;0,1150455,0,6948352,0,004152431;0,0,6349636,0,008628086;0,07955794,0,5439428,0,009322383;0,1587826,0,4557343,0,01075362;0,2260704,0,3648541,0,01374466;0,2871398,0,2770102,0,0180377;0,3408971,0,1956555,0,02392832;0,4387665,0,0,0441049;0,4387665,0,0,0441049;0,4387665,0,0,0441049;0,4387665,0,0,0441049;0,4387665,0,0,0441049;Lightning
0,2378122,1,0,00968099;0,3100128,0,9105371,0,005063357;0,386977,0,8223687,0,001564645;0,4673688,0,7379044,0,0003351577;0,5373027,0,6465802,0;0,4560264,0,5606555,0,003679824;0,3544609,0,6095079,0,003195228;0,2395905,0,6394717,0,004824658;0,1198183,0,6579964,0,007922276;0,0,6781427,0,01298477;0,05562466,0,5786549,0,01300089;0,151588,0,5085137,0,009474539;0,2290221,0,4210364,0,007744907;0,2873926,0,322659,0,007606698;0,3319973,0,2213193,0,009290548;0,3707789,0,123679,0,01269395;0,4288268,0,0,01938501;0,4288268,0,0,01938501;0,4288268,0,0,01938501;0,4288268,0,0,01938501;Lightning
0,5545217,1,0,0004732517;0,6797624,0,8781558,0;0,7696546,0,7546974,0,005931422;0,6198219,0,6834643,0,01943331;0,4801227,0,7237051,0,01352176;0,3224375,0,8015568,0,01447722;0,1701369,0,8993139,0,01980412;0,0,9622832,0,02827241;0,1525748,0,8702036,0,01962573;0,2644912,0,7327978,0,01532946;0,3409718,0,5789703,0,01613925;0,4065337,0,4274301,0,01968766;0,4629469,0,288622,0,0268768;0,5256919,0,1452583,0,0325122;0,5825912,0,0,03833066;0,5949308,0,04002269,0,03390547;0,5949308,0,04002269,0,03390547;0,5949308,0,04002269,0,03390547;0,5949308,0,04002269,0,03390547;0,5949308,0,04002269,0,03390547;Lightning
0,3898182,1,0,008715378;0,4882179,0,9047295,0,003897374;0,5932383,0,8149338,0,0009466451;0,6796306,0,7108145,0;0,6980432,0,5818332,0,002578254;0,557745,0,5687534,0,005397071;0,4181717,0,5555953,0,007915949;0,2771292,0,5607763,0,01111122;0,1363414,0,5802809,0,01595616;0,0,5703743,0,0248365;0,1305434,0,5208268,0,01842729;0,2283456,0,4244545,0,01476283;0,3140034,0,3201589,0,0137363;0,3798774,0,2108781,0,01596105;0,438641,0,1115578,0,02102911;0,4980804,0,0145391,0,02630468;0,6045209,0,0,02613573;0,6045209,0,0,02613573;0,6045209,0,0,02613573;0,6045209,0,0,02613573;Lightning
0,2241224,1,0,01504689;0,287011,0,915668,0,00880141;0,3486866,0,8245883,0,004315859;0,4106274,0,731119,0,001252109;0,4628645,0,6322716,0;0,5105711,0,5334445,0,0004905012;0,4509679,0,4403085,0,005185658;0,3347417,0,4451723,0,007405716;0,2219214,0,4725641,0,009741746;0,1100892,0,5075789,0,01400941;0,0,518122,0,02207657;0,08672985,0,4448389,0,01780841;0,1604627,0,359302,0,01555597;0,2195036,0,2673026,0,01591845;0,2683589,0,178436,0,01890664;0,3117118,0,09282673,0,02309799;0,369604,0,01584063,0,0268124;0,3966102,0,0,02698886;0,3966102,0,0,02698886;0,3966102,0,0,02698886;Lightning
0,248828,1,0,01068311;0,3054662,0,8899395,0,003211322;0,3448468,0,7630963,0;0,335928,0,6388854,0,005590355;0,2330062,0,7289075,0,01123509;0,1420994,0,8291066,0,01637973;0,05353472,0,9224098,0,0241751;0,0,9812995,0,03750802;0,07238027,0,871123,0,03242388;0,1289822,0,7569257,0,02623146;0,1856566,0,6409084,0,02047456;0,2423528,0,5218747,0,01578152;0,3001077,0,4006693,0,0128122;0,3619449,0,2819147,0,01220198;0,4241881,0,1752948,0,01556172;0,4442374,0,07090831,0,02319303;0,5168424,0,0,03040876;0,5168424,0,0,03040876;0,5168424,0,0,03040876;0,5168424,0,0,03040876;Lightning
0,1033146,1,0,01383281;0,1871796,0,9289351,0,008499476;0,2933226,0,8853176,0,004737937;0,3875021,0,8226356,0,002206674;0,473738,0,7517391,0,000714621;0,4716679,0,6434237,0;0,3646222,0,6794586,0,001613915;0,2543028,0,7105891,0,004228299;0,140156,0,7297078,0,00779313;0,02417977,0,7293106,0,01274809;0,0,6231014,0,01374705;0,08305852,0,5489373,0,009344986;0,1537925,0,4632549,0,006305966;0,216318,0,3719459,0,004247105;0,2660978,0,27424,0,003314337;0,3152757,0,1773584,0,003315465;0,3945912,0,0,004927876;0,3945912,0,0,004927876;0,3945912,0,0,004927876;0,3945912,0,0,004927876;Lightning
0,04506706,1,0,01314841;0,0966697,0,927062,0,008038345;0,1515969,0,8515429,0,004204909;0,2021577,0,7713354,0,001912426;0,2645582,0,6992356,0,0007604119;0,3155926,0,6196058,0;0,2967436,0,5285813,0,002228549;0,1986247,0,5419603,0,004464497;0,09935971,0,5519105,0,007396922;0,0,5409563,0,01168471;0,05145109,0,4615443,0,01059693;0,1062931,0,3843156,0,009609192;0,1589187,0,3062675,0,009100376;0,1979522,0,2212766,0,008936394;0,2366542,0,138701,0,01001382;0,2805751,0,0631062,0,01213847;0,3282564,0,0,01579461;0,2986474,0,06385921,0,01384992;0,2986474,0,06385921,0,01384992;0,2986474,0,06385921,0,01384992;Lightning
0,14822,1,0,01268952;0,2020672,0,9196083,0,008365432;0,2576464,0,8382945,0,004721005;0,3102356,0,7539476,0,0020064;0,3634969,0,6694413,6,462704E-06;0,3999466,0,5781707,0;0,3076161,0,5342976,0,005487374;0,2051176,0,5553918,0,009041322;0,1020676,0,5710014,0,01379599;0,0,5790195,0,01969563;0,007686309,0,4826563,0,02103233;0,0816972,0,4138285,0,01823344;0,1433945,0,3354402,0,0168892;0,1935709,0,2513001,0,01680464;0,2409382,0,1677976,0,01767926;0,2850656,0,08679842,0,01980657;0,3262545,0,01275738,0,02358968;0,3400847,0,0,02577407;0,3400847,0,0,02577407;0,3400847,0,0,02577407;Lightning
0,05446502,1,0,0127038;0,1247542,0,9247202,0,008448966;0,1942744,0,847383,0,004934902;0,2559856,0,7638224,0,00231075;0,3143432,0,6780142,0,000564371;0,3729863,0,5935617,0;0,4066642,0,5016966,0,00197728;0,3025385,0,4702107,0,005523552;0,2111689,0,5177507,0,005969499;0,1025243,0,5201053,0,009126558;0,0,4894875,0,01473187;0,05966576,0,4102239,0,01564755;0,1297488,0,3370172,0,01566761;0,1888517,0,2574681,0,0165984;0,2432454,0,1786683,0,01857098;0,2881572,0,1010814,0,02206472;0,3252442,0,03225487,0,02750132;0,3227865,0,0,0343253;0,3227865,0,0,0343253;0,3227865,0,0,0343253;Lightning
0,1370481,1,0,02444128;0,1453102,0,9018142,0,01951608;0,1713478,0,8066863,0,0138426;0,2138235,0,7174368,0,007408696;0,265834,0,6298915,0,00118074;0,2949996,0,5250075,0;0,232807,0,4569527,0,008924142;0,1443179,0,4980261,0,01815906;0,06725127,0,551455,0,02739296;0,0,6058062,0,03721235;0,05120157,0,5105703,0,03397989;0,1151092,0,515505,0,02191228;0,1309,0,4087982,0,02215463;0,1773665,0,3113028,0,01877858;0,2414143,0,2227597,0,01482851;0,3056023,0,1329224,0,01251288;0,3689382,0,04355963,0,01166179;0,405255,0,0,01096406;0,405255,0,0,01096406;0,405255,0,0,01096406;Lightning
0,1,0,02802889;0,01004446,0,8991118,0,02039771;0,0312551,0,7936501,0,01339686;0,0715859,0,6862967,0,007168788;0,1332089,0,5802231,0,002975735;0,1380833,0,5647383,0,01600804;0,1042482,0,6047836,0,02938451;0,08170175,0,65728,0,04202007;0,07724547,0,7009555,0,05459987;0,1568262,0,6168216,0,05640576;0,1524209,0,5454805,0,04583678;0,1890806,0,4426497,0,03849304;0,2381506,0,3394365,0,03172705;0,299121,0,2412965,0,02456846;0,3760809,0,152426,0,01695608;0,4685512,0,07152982,0,01007346;0,5710658,0,005634075,0,001902138;0,5859643,0,0;0,5859643,0,0;0,5859643,0,0;Lightning
0,6337475,0,0,02741502;0,4906294,0,05209626,0,03696706;0,3585282,0,1301166,0,04462574;0,2414357,0,2232922,0,05277988;0,150053,0,334617,0,06116306;0,2539298,0,2961593,0,04591969;0,3255452,0,1682359,0,03968111;0,439751,0,1225051,0,0253712;0,5643197,0,07379739,0,01213324;0,7096367,0,07655443,0;0,6094134,0,1923333,0,005080301;0,4872353,0,2815058,0,01349132;0,370436,0,3734354,0,02238617;0,2642588,0,4759985,0,03071579;0,1681965,0,5831454,0,03952536;0,08757132,0,695344,0,04892587;0,03008502,0,8127016,0,05871647;0,1,0,07304505;0,1,0,07304505;0,1,0,07304505;Lightning
0,1711082,1,0,01084468;0,2182386,0,9050042,0,005614848;0,2824534,0,8123945,0,003116851;0,3472679,0,7200887,0,001301875;0,4025709,0,6226001,0,00014143;0,4515657,0,5230415,0;0,4569622,0,4206206,0,004219543;0,3426025,0,44212,0,006433654;0,2283168,0,466642,0,0091103;0,1122487,0,4867369,0,01284087;0,0,4713813,0,02028558;0,07665866,0,3899628,0,01940312;0,1462617,0,3068071,0,02009872;0,2134007,0,2261443,0,02188982;0,2741083,0,1442576,0,02451051;0,3336414,0,0652498,0,02775981;0,3930101,0,0,03272475;0,4243208,0,02477669,0,03141158;0,4243208,0,02477669,0,03141158;0,4243208,0,02477669,0,03141158;Lightning
0,07951664,1,0,013591;0,1567183,0,9291753,0,009501802;0,2240237,0,8503498,0,005436188;0,2913462,0,7698537,0,002630909;0,3527496,0,6851516,0,0007573669;0,4196735,0,6056222,0;0,3225949,0,5573288,0,004245018;0,2172907,0,578622,0,006183485;0,1084672,0,5900191,0,01005512;0,0,5925503,0,0154444;0,02090312,0,4944117,0,01685552;0,1003774,0,4249735,0,0147562;0,172491,0,3505067,0,01400996;0,2397626,0,2740471,0,01414458;0,3019801,0,196625,0,01522684;0,3573288,0,119241,0,01753975;0,4072758,0,04451558,0,02103615;0,4558406,0,0,02756254;0,4364978,0,02089888,0,02518576;0,4364978,0,02089888,0,02518576;Lightning
0,1735454,1,0,0101604;0,2136696,0,9052154,0,005831821;0,2620563,0,81016,0,002869045;0,3118497,0,7148458,0,0008253935;0,358579,0,6183837,0;0,4073781,0,5254909,0,0007359569;0,3358854,0,4447292,0,005505655;0,2282947,0,4731953,0,007519747;0,1155056,0,4854759,0,01137638;0,003848299,0,5000889,0,01672186;0,0,4056156,0,02191853;0,08541446,0,3365847,0,01926221;0,1552902,0,2580867,0,01951637;0,2189488,0,1799363,0,02121946;0,2820011,0,1076513,0,02403722;0,3449564,0,04494668,0,02806363;0,3947175,0,0,0349116;0,364974,0,04666063,0,03030687;0,364974,0,04666063,0,03030687;0,364974,0,04666063,0,03030687;Lightning
0,08808741,1,0,01477976;0,1366512,0,9208844,0,01026799;0,181604,0,8378633,0,006569316;0,2369115,0,7583508,0,003532748;0,2911776,0,6774425,0,001436254;0,3470656,0,5976781,0,000125112;0,4030304,0,519749,0;0,3496607,0,4384566,0,003202762;0,250493,0,4500534,0,004701705;0,1488924,0,4539716,0,007291178;0,04656622,0,4513808,0,0112038;0,0,3754023,0,01702751;0,08118998,0,3194161,0,01541706;0,1566776,0,2585471,0,0147024;0,2288361,0,1964104,0,01473201;0,2917581,0,1321695,0,01641902;0,3483546,0,06934141,0,01932621;0,3810662,0,01417474,0,02555007;0,3926501,0,0,028302;0,3926501,0,0,028302;Lightning
0,157266,1,0,01424035;0,2219043,0,9162883,0,009406518;0,2943268,0,8361827,0,005003713;0,3667745,0,7542003,0,001887405;0,4301758,0,6657087,0;0,4436908,0,5608198,0,001153692;0,3311019,0,5501239,0,003716165;0,2181679,0,5545504,0,006342805;0,1048637,0,5666475,0,01081188;0,0,53724,0,01791023;0,08094724,0,4628862,0,01476709;0,1583348,0,3856207,0,01286838;0,2328274,0,3078923,0,01223565;0,3028095,0,2297727,0,01282289;0,3619273,0,1484636,0,01484599;0,4118387,0,06539146,0,01788735;0,4688359,0,0,02247897;0,4570628,0,06512637,0,01897582;0,4570628,0,06512637,0,01897582;0,4570628,0,06512637,0,01897582;Lightning
0,1559132,1,0,008480847;0,2241922,0,913357,0,005603689;0,2878109,0,8234678,0,00297963;0,3430767,0,7286787,0,001142759;0,38983,0,629995,0;0,4065827,0,5241706,0,001111929;0,314617,0,4584379,0,003807338;0,2015484,0,475059,0,006338614;0,08942883,0,5014845,0,01048948;0,0,4470596,0,01831028;0,09872124,0,3917092,0,01510016;0,1748833,0,3146875,0,01485381;0,2525298,0,2416683,0,01529747;0,3242758,0,1667512,0,01667336;0,3858556,0,08837651,0,01920963;0,4439966,0,01504731,0,02298878;0,5277128,0,0,0274039;0,4344317,0,1006896,0,01958076;0,4344317,0,1006896,0,01958076;0,4344317,0,1006896,0,01958076;Lightning
0,2097002,1,0,009504874;0,2682642,0,9086922,0,005998045;0,3300459,0,8183348,0,003002428;0,3840928,0,7232686,0,0009559375;0,4296116,0,6244528,0;0,4353843,0,5182773,0,001805054;0,3255986,0,484596,0,006207599;0,213851,0,5107039,0,0103965;0,1075533,0,5497567,0,01560047;0,0,5604475,0,02341556;0,07364098,0,4785879,0,02019241;0,1472732,0,3964753,0,01788949;0,2170251,0,3123747,0,01678313;0,2797747,0,2253658,0,01685535;0,3424197,0,1418014,0,01803801;0,4045676,0,06331642,0,02039815;0,4820367,0,0,0224847;0,4742235,0,03162769,0,01997986;0,4742235,0,03162769,0,01997986;0,4742235,0,03162769,0,01997986;Lightning
0,1335518,1,0,008822967;0,194929,0,9203662,0,005381369;0,2456217,0,8337905,0,002758604;0,299105,0,7481928,0,0007946538;0,3473374,0,6602696,0;0,389232,0,5722768,0,0009956944;0,3074944,0,5097217,0,005653045;0,2038313,0,5305256,0,00876347;0,09792526,0,5359504,0,01340887;0,0,5066441,0,01973132;0,03767828,0,4163215,0,0203339;0,1075144,0,3436208,0,01925372;0,1747163,0,2700856,0,01887418;0,2356413,0,1941727,0,01948084;0,2921762,0,1188378,0,02111878;0,3443033,0,04802806,0,02423463;0,4276754,0,0,02496327;0,3883975,0,04511569,0,02279882;0,3883975,0,04511569,0,02279882;0,3883975,0,04511569,0,02279882;Lightning
0,1374219,1,0,006551967;0,1952723,0,923745,0,003977921;0,2521377,0,8465662,0,001852768;0,2991362,0,7637827,0,0005469506;0,3444002,0,6806593,0;0,3804336,0,5954875,0,0008525674;0,3200554,0,5201609,0,003707442;0,2208809,0,5212592,0,005742981;0,1257943,0,5484062,0,00786759;0,02587011,0,5579506,0,01200322;0,0,4701814,0,0153789;0,05633373,0,394785,0,01507001;0,1024345,0,315828,0,01604243;0,1495463,0,2387276,0,01735234;0,1907746,0,1608166,0,01939659;0,2306345,0,08737263,0,02250288;0,268446,0,02211336,0,02699425;0,2951615,0,0,03045654;0,2951615,0,0,03045654;0,2951615,0,0,03045654;Lightning
0,05215242,1,0,0101336;0,1151253,0,9184987,0,006374871;0,1830415,0,8391441,0,00345091;0,2480009,0,7574322,0,001351985;0,3102781,0,6742831,4,977686E-05;0,367145,0,5894679,0;0,3435999,0,4898913,0,001608022;0,2375009,0,4988717,0,003161689;0,1310905,0,5177526,0,005679712;0,02241904,0,5290445,0,009818057;0,0,4346676,0,0141352;0,08698478,0,3751413,0,01235439;0,1559355,0,2990502,0,01188437;0,217526,0,2198604,0,01246481;0,2735782,0,1405744,0,0141392;0,3239364,0,06231834,0,01689381;0,3812976,0,0,02094691;0,4046413,0,00955258,0,02034844;0,4046413,0,00955258,0,02034844;0,4046413,0,00955258,0,02034844;Lightning
0,1374101,1,0,014986;0,205639,0,9293548,0,01041741;0,2705176,0,8556287,0,006017248;0,3354591,0,7801017,0,002443446;0,3923076,0,6981928,0;0,2989374,0,6536499,0,004361712;0,2005192,0,6862285,0,008603848;0,09840925,0,6956283,0,01439991;0,0,6793346,0,02110907;0,03301866,0,5873656,0,01923992;0,08993003,0,5063325,0,01628562;0,1498145,0,4266377,0,01386996;0,2070133,0,3452408,0,01224193;0,2634486,0,2638843,0,01129487;0,3162372,0,181917,0,01134539;0,3646603,0,1006997,0,01264332;0,4096254,0,02530293,0,01571861;0,4294401,0,0,01714005;0,4294401,0,0,01714005;0,4294401,0,0,01714005;Lightning
0,1269774,1,0,01355108;0,176746,0,9280438,0,00779006;0,2135761,0,8456437,0,003485215;0,2495015,0,7605383,0;0,2463569,0,6679754,0,002008727;0,1567542,0,6694423,0,009917367;0,07270284,0,6926577,0,01789875;0,0,7292594,0,02623093;0,01060195,0,63642,0,02568277;0,04658006,0,5511388,0,02249895;0,09093784,0,4686817,0,01930991;0,1401442,0,3876474,0,01661276;0,1911249,0,3070437,0,0146463;0,2424394,0,2268176,0,01343525;0,2979262,0,1503158,0,01301143;0,3578048,0,07754706,0,01277866;0,42103,0,01265295,0,01388651;0,5202245,0,0,009183927;0,4452643,0,0346913,0,0106132;0,4452643,0,0346913,0,0106132;Lightning
0,1180233,1,0,01083509;0,1576357,0,9262012,0,007583402;0,1998421,0,8521566,0,004957081;0,240107,0,7766379,0,002745654;0,2812661,0,7011392,0,0008960005;0,3179218,0,623566,0;0,30906,0,5408127,0,002283429;0,2189997,0,5275079,0,005881026;0,1308971,0,548164,0,009016902;0,04273009,0,5661535,0,01324187;0,0,4941351,0,01704742;0,0476202,0,4226726,0,01607036;0,09748808,0,3531113,0,01546186;0,1407499,0,2809277,0,01570632;0,1836814,0,2097109,0,01638883;0,2267095,0,1406331,0,01767354;0,2653068,0,07277971,0,01990838;0,2968307,0,0,02514038;0,2968307,0,0,02514038;0,2968307,0,0,02514038;Lightning
0,100451,1,0,004904478;0,1603926,0,9242862,0,00293916;0,2102247,0,8423334,0,001413698;0,2571718,0,7593157,0,0007078424;0,3121143,0,6810427,0;0,3640207,0,6023923,0,0001361044;0,4130183,0,5264162,0,001699815;0,377659,0,4455046,0,006900097;0,2824694,0,4579586,0,007414463;0,1845377,0,4486161,0,008828409;0,08422182,0,4515011,0,01138434;0,0,4088577,0,01778547;0,07707684,0,3545868,0,0176906;0,1422798,0,2905919,0,0186011;0,2008067,0,2243518,0,02038015;0,2563452,0,1595144,0,02285958;0,3084106,0,09753422,0,02620259;0,3450416,0,03448509,0,03110433;0,3783902,0,0,03794706;0,3783902,0,0,03794706;Lightning
0,1502518,1,0,003099536;0,2235737,0,9203591,0,0009512501;0,3075234,0,8532324,0;0,3846594,0,7855696,0,0009135609;0,4328191,0,7026095,0,003998601;0,3332011,0,6546817,0,006335654;0,2232233,0,6505687,0,008057117;0,1126064,0,6605574,0,01037517;0,0,6645466,0,0144266;0,004700522,0,5654388,0,01789884;0,08822756,0,4983636,0,01691505;0,15822,0,4225316,0,01756801;0,2262436,0,3477356,0,0188794;0,2868555,0,2704604,0,02104347;0,338417,0,1928657,0,02445225;0,3882157,0,1209869,0,02885255;0,436829,0,05609702,0,0341387;0,476701,0,00572103,0,04137954;0,515305,0,0,04517294;0,515305,0,0,04517294;Lightning
0,2833252,1,0,001517691;0,3454256,0,9161118,0,000159336;0,4111385,0,837027,0;0,4682189,0,7552747,0,001142421;0,4826391,0,6625719,0,004996321;0,3822193,0,6204137,0,009036627;0,2738659,0,617318,0,01145127;0,1653846,0,6231157,0,01413445;0,05586972,0,6216785,0,01818122;0,0,5370718,0,02280965;0,06941389,0,4612893,0,02242023;0,133857,0,3840305,0,0229653;0,1971878,0,3085237,0,02419692;0,2578905,0,2348477,0,02627321;0,3099312,0,1614916,0,02966602;0,3582906,0,09118202,0,0339038;0,4028604,0,02931782,0,03944519;0,4394376,0,0,04434462;0,4394376,0,0,04434462;0,4394376,0,0,04434462;Lightning
0,1565802,1,0,008408141;0,2160105,0,9246948,0,0038647;0,2729244,0,8446691,0,0008800775;0,3275093,0,7632335,0;0,3121163,0,6674177,0,0006979828;0,2118165,0,6477415,0,00289009;0,1139527,0,6778091,0,005623461;0,0157767,0,7077429,0,009419283;0,0,612931,0,01133281;0,07166441,0,5436224,0,008558447;0,1254551,0,4615978,0,00739979;0,1674043,0,3745092,0,007369115;0,2071763,0,2891383,0,00859916;0,2394168,0,2031071,0,01074776;0,2715323,0,1204,0,0137059;0,2985705,0,04124875,0,01782241;0,3581882,0,0,02261068;0,33745,0,04940927,0,019094;0,33745,0,04940927,0,019094;0,33745,0,04940927,0,019094;Lightning
0,1,0,01391766;0,07538275,0,9415354,0,01005548;0,1507232,0,8824657,0,006363885;0,218946,0,8157156,0,003356234;0,2783669,0,7416869,0,001154714;0,3314488,0,6638244,0;0,3316435,0,5726787,0,001884675;0,2379546,0,5969896,0,003429494;0,1417098,0,6173312,0,00600102;0,05118613,0,5937312,0,01265345;0,1143817,0,5284452,0,01324747;0,1739973,0,4579077,0,0132599;0,2271554,0,3830073,0,01352068;0,2749816,0,3062578,0,01439584;0,3187962,0,2300795,0,01614536;0,3555185,0,1532791,0,01874069;0,3924186,0,08308437,0,02246667;0,4424706,0,0,02775862;0,4424706,0,0,02775862;0,4424706,0,0,02775862;Lightning
0,1,0,01247168;0,05069559,0,9268628,0,008800007;0,1071509,0,8561444,0,005466085;0,1685141,0,7878845,0,002856511;0,2288852,0,7187071,0,0009504326;0,2859375,0,6478307,0;0,3394164,0,5770729,0,0003295236;0,251081,0,544306,0,005361;0,1657133,0,5822443,0,007101356;0,08043338,0,6225751,0,01080376;0,06804483,0,5438626,0,01562013;0,1443604,0,4903179,0,01295513;0,1778209,0,4080451,0,0131675;0,2019044,0,3236563,0,01411903;0,2259615,0,2406504,0,0156462;0,2476393,0,1592161,0,01793777;0,2674996,0,08135527,0,02124151;0,2697209,0,0,02723906;0,2697209,0,0,02723906;0,2697209,0,0,02723906;Lightning
0,09134336,1,0,01201554;0,1578241,0,9256143,0,006372252;0,2304074,0,8503314,0,002603662;0,2990624,0,7709506,0,0002735512;0,3605399,0,6885669,0;0,3151309,0,6016812,0,005408382;0,2240382,0,6519964,0,006136084;0,1244019,0,6919779,0,008594003;0,0245797,0,732513,0,01290767;0,0,6456636,0,01906169;0,07372292,0,5713183,0,01558913;0,128613,0,4844245,0,01494908;0,1797769,0,398044,0,01566946;0,2286372,0,3137043,0,01743706;0,2689056,0,2292596,0,02039459;0,300388,0,1479672,0,02483001;0,3219447,0,07491513,0,03112977;0,3228742,0,0,04046461;0,3228742,0,0,04046461;0,3228742,0,0,04046461;Lightning
0,07407698,1,0,008587467;0,1070959,0,9212193,0,005727799;0,1625289,0,8523307,0,003373473;0,2079344,0,7770956,0,001522929;0,249812,0,6999719,0,0002639179;0,2836007,0,6198263,0;0,2607803,0,5365307,0,002194862;0,1694278,0,5414091,0,004156763;0,08694816,0,5787362,0,005987485;0,0,6041257,0,01077921;0,01917848,0,5205914,0,01145382;0,04437207,0,4391737,0,01229523;0,07363511,0,360817,0,01374155;0,0967904,0,2829735,0,01610367;0,1191617,0,2076814,0,01913639;0,1405781,0,1354075,0,02282478;0,1556515,0,06819373,0,0277557;0,1737466,0,0,03523872;0,1737466,0,0,03523872;0,1737466,0,0,03523872;Lightning
0,1,0,01878452;0,09872803,0,9229736,0,01231798;0,2053245,0,8508968,0,007123609;0,3057146,0,7701286,0,003225978;0,4058428,0,6897084,0,0008259405;0,5024092,0,608625,0;0,4164377,0,5157389,0,0055403;0,2977398,0,5684231,0,008163199;0,1666865,0,5802339,0,01475281;0,05361347,0,5504182,0,02513899;0,1548142,0,4723602,0,02262611;0,2523796,0,3899053,0,02011068;0,3383019,0,2988328,0,01926887;0,4182554,0,2072282,0,02002189;0,4944589,0,1212935,0,02268445;0,5662738,0,04539295,0,02734866;0,6519669,0,0,03270397;0,650403,0,006632087,0,03326329;0,650403,0,006632087,0,03326329;0,650403,0,006632087,0,03326329;Lightning
0,1,0,01595306;0,05980533,0,9222032,0,01162337;0,1340737,0,8540187,0,007429556;0,2020194,0,7790874,0,004197377;0,2680833,0,7021744,0,001599605;0,3364781,0,6273893,0;0,4027914,0,5543576,7,172719E-05;0,2982069,0,5358387,0,00397039;0,2104663,0,5909109,0,006925015;0,1154692,0,6317196,0,01205017;0,1053329,0,5574192,0,01929283;0,1899657,0,5036514,0,01359163;0,2524726,0,4251418,0,01235868;0,30572,0,3420808,0,01221902;0,3577913,0,2607234,0,01302472;0,4068758,0,1818324,0,01500012;0,4540429,0,1107824,0,01859561;0,5344986,0,0,02849084;0,5344986,0,0,02849084;0,5344986,0,0,02849084;Lightning
0,08704628,1,0,01414638;0,1328046,0,918231,0,008470203;0,1869369,0,8358514,0,003746715;0,2433661,0,7509095,0,0007146336;0,2662853,0,6525636,0;0,1754301,0,7064124,0,003893458;0,09377737,0,7704995,0,008177852;0,0,8037443,0,01548388;0,04621631,0,7137759,0,01313736;0,09753545,0,6259954,0,01075539;0,140866,0,5342461,0,009019239;0,1821612,0,4416681,0,008002261;0,2240887,0,3499115,0,00770196;0,2593507,0,2588564,0,009221636;0,2867548,0,1705235,0,0124493;0,3066355,0,09385006,0,01824928;0,3347665,0,0,02714994;0,3347665,0,0,02714994;0,3347665,0,0,02714994;0,3347665,0,0,02714994;Lightning
0,1185928,1,0,01477957;0,1911524,0,9367065,0,00855573;0,2622228,0,867359,0,003460985;0,3223121,0,7866482,0;0,2970817,0,6900334,0,0006747373;0,1952904,0,7180131,0,004396611;0,09552792,0,7506058,0,00872781;0,0,7877833,0,01437301;0,04383529,0,7021254,0,01577532;0,09977056,0,6372539,0,008017349;0,1545144,0,5551021,0,008261382;0,2108924,0,4721129,0,007475949;0,2634304,0,388061,0,007519221;0,3116773,0,3041702,0,008646802;0,3534436,0,2207382,0,01096989;0,3902025,0,140293,0,01451918;0,4233708,0,07074428,0,01998501;0,4662561,0,0,02600582;0,4662561,0,0,02600582;0,4662561,0,0,02600582;Lightning
0,1,0,01165066;0,05844516,0,9364655,0,007350998;0,1212639,0,8736238,0,004091777;0,1763534,0,8041397,0,001511407;0,2295056,0,7330698,0;0,1386595,0,7358738,0,005544287;0,09148309,0,8098069,0,006193792;0,00520753,0,8306108,0,01199829;0,03992658,0,7506099,0,01131082;0,09430028,0,6812046,0,008378713;0,1407675,0,6063029,0,006368019;0,1726562,0,5248376,0,005267863;0,2001123,0,4421902,0,004993901;0,2258938,0,3602455,0,005689169;0,2528443,0,2816105,0,00750655;0,2798604,0,206978,0,01031758;0,3644286,0,0,02257014;0,3644286,0,0,02257014;0,3644286,0,0,02257014;0,3644286,0,0,02257014;Lightning
0,03918998,1,0,018383;0,09950285,0,9305382,0,01205646;0,1684107,0,8601947,0,007216854;0,2445473,0,7931517,0,003567315;0,3142954,0,7196924,0,001009754;0,3720509,0,6382474,0;0,2862761,0,5820104,0,001881027;0,2002428,0,6370149,0,003684447;0,1037958,0,6762788,0,007057312;0,0,6902238,0,01191221;0,01595295,0,5933658,0,01170305;0,08414999,0,5193019,0,00836653;0,1484049,0,4416974,0,006124877;0,2120136,0,3640883,0,004762864;0,2762132,0,2884595,0,004299819;0,3388156,0,2145709,0,004881726;0,3951587,0,1389883,0,006352793;0,4386416,0,05923734,0,008952764;0,472717,0,0,01229188;0,472717,0,0,01229188;Lightning
0,05683801,1,0,01469475;0,1307982,0,9382848,0,00944077;0,2076073,0,8757771,0,005380154;0,2809449,0,8088875,0,001953659;0,3555183,0,7431865,0;0,4044697,0,6619247,0,0006226239;0,3032556,0,6819288,0,004325939;0,2054282,0,7124562,0,007866522;0,1072705,0,7414696,0,01192478;0,004971557,0,7445025,0,01706555;0,0,648958,0,01783204;0,06060206,0,5719461,0,01534449;0,1031197,0,4849249,0,01384778;0,1452883,0,3978425,0,01287346;0,1868532,0,3109676,0,01247665;0,2260125,0,2239323,0,01271544;0,2612002,0,1365009,0,01361636;0,3127081,0,0,01713454;0,3127081,0,0,01713454;0,3127081,0,0,01713454;Lightning
0,1773093,1,0,01625575;0,2340636,0,9025592,0,01204827;0,3090422,0,8175416,0,006619051;0,3814364,0,7275869,0,002538236;0,4421106,0,6291485,0;0,4404767,0,515471,0,00105187;0,3258918,0,5533687,0,004614974;0,2179289,0,6049504,0,009299909;0,1087406,0,6483586,0,01579229;0,0,6355271,0,02506299;0,07936969,0,5522101,0,02042764;0,1396039,0,4543177,0,01767118;0,1948422,0,3537505,0,01631442;0,2517301,0,2547505,0,01576357;0,3060965,0,1561118,0,0162074;0,3524033,0,05787766,0,01833519;0,4337368,0,0,02172671;0,3775716,0,136776,0,01589048;0,3775716,0,136776,0,01589048;0,3775716,0,136776,0,01589048;Lightning
0,05313421,1,0,009721496;0,1394059,0,9410733,0,005679296;0,2197093,0,8744732,0,00254986;0,2937632,0,8019838,0,0005880911;0,3607238,0,7252535,0;0,2995205,0,6431218,0,003983693;0,2103394,0,6930214,0,004569586;0,1066376,0,7164989,0,007087858;0,0,7041273,0,01188158;0,07291122,0,6310974,0,01007528;0,1441436,0,5569512,0,008675512;0,2097417,0,4791397,0,007978647;0,271736,0,4006821,0,008222839;0,329942,0,3227651,0,009491313;0,3878226,0,2490188,0,01170194;0,4335383,0,1740332,0,01539228;0,4955853,0,0,0291296;0,4955853,0,0,0291296;0,4955853,0,0,0291296;0,4955853,0,0,0291296;Lightning
0,04167338,1,0,01294562;0,09574823,0,9270441,0,009891389;0,1540171,0,8574144,0,006298671;0,2117284,0,7863474,0,003235606;0,2587268,0,7079329,0,001453237;0,2943997,0,6243388,0;0,3140661,0,5370101,0,0007291957;0,2187027,0,5350583,0,005875536;0,1409088,0,5873739,0,008072204;0,05713006,0,6306888,0,01179746;0,0,5590091,0,01526059;0,07272027,0,5016906,0,01143421;0,1242583,0,4259858,0,009771369;0,1717201,0,3482075,0,008829379;0,2170691,0,2699109,0,008490184;0,2609652,0,1925136,0,009032847;0,3001567,0,1151241,0,01049762;0,3487887,0,04634651,0,01247487;0,4327402,0,0,01303201;0,4327402,0,0,01303201;Lightning
0,1,0,01695449;0,07667729,0,904313,0,01385533;0,159334,0,8168114,0,007921114;0,2367825,0,7234377,0,002686328;0,2985744,0,6176786,0;0,3375988,0,5054343,0,001244205;0,2178138,0,5499989,0,004617917;0,1349232,0,6381452,0,004824132;0,01980298,0,6910185,0,01040478;0,06792935,0,6161205,0,01742321;0,09229592,0,5162839,0,009923614;0,1417749,0,4128634,0,01235395;0,2131049,0,313188,0,01068783;0,2705164,0,2090153,0,01136435;0,3257347,0,1175853,0,01538516;0,3732606,0,049735,0,02284999;0,3903393,0,0,0335633;0,3359238,0,1081737,0,0357416;0,3819138,0,05116666,0,03257075;0,3819138,0,05116666,0,03257075;Lightning
0,04827333,1,0,02698581;0,1085916,0,9166816,0,01927028;0,1800017,0,8354098,0,01209763;0,2457566,0,7452762,0,006218706;0,3075745,0,6485069,0,001982341;0,3670179,0,5483553,0;0,2547785,0,5094008,0,007222448;0,222362,0,6178635,0,006110325;0,1147468,0,6707454,0,01131846;0,0,6599503,0,0197492;0,08565001,0,583955,0,01366036;0,1568102,0,4923606,0,009557026;0,2248147,0,397427,0,006642221;0,2938737,0,3031456,0,00486346;0,3580194,0,2073605,0,004492427;0,4194624,0,1128877,0,005391205;0,4828973,0,02791339,0,008171755;0,5503706,0,0,011689;0,5503706,0,0,011689;0,5503706,0,0,011689;Lightning
0,04082122,1,0,01687805;0,1051598,0,9071843,0,0115818;0,1642252,0,8085514,0,007601546;0,2282043,0,7111954,0,004322504;0,2978437,0,6166235,0,001870281;0,3660819,0,5212726,0,0001555687;0,4295631,0,4248891,0;0,3179501,0,46778,0,001718746;0,2171693,0,5328838,0,004344975;0,1117237,0,5918615,0,008205094;0,0,6350382,0,01449439;0,06030072,0,5362625,0,01092265;0,1257548,0,4394135,0,008019852;0,1934767,0,3439289,0,00630514;0,2582763,0,2481032,0,005880496;0,3177749,0,1523697,0,006921941;0,3751348,0,06278521,0,009834245;0,4358412,0,0,01556292;0,4358412,0,0,01556292;0,4358412,0,0,01556292;Lightning
0,04294425,1,0,03161649;0,09210131,0,9084257,0,02495094;0,1479057,0,8239794,0,01724559;0,2008164,0,7333713,0,01046766;0,2628983,0,6426429,0,004561959;0,3303148,0,5507542,0;0,3212729,0,4443505,0,004541158;0,2460072,0,5326704,0,007849806;0,1535823,0,5998049,0,01421633;0,06151798,0,655369,0,02266072;0,0,5978079,0,03350859;0,0661591,0,5198565,0,02541725;0,1291563,0,4279725,0,02011827;0,1961382,0,3361346,0,01558636;0,2646734,0,2433908,0,01229244;0,3370453,0,1529999,0,0101487;0,4169983,0,069529,0,008784734;0,5067514,0,0,008643454;0,5035155,0,008796868,0,00880958;0,5035155,0,008796868,0,00880958;Lightning
0,1,0,04749;0,007970781,0,892287,0,0407331;0,02830594,0,7967827,0,03168607;0,06217639,0,7068052,0,02180585;0,1070577,0,6112096,0,01281891;0,1694811,0,5130841,0,005115681;0,1841121,0,4760877,0,01752034;0,1158449,0,5587711,0,02741399;0,08457407,0,6004673,0,04100534;0,07277903,0,6476474,0,05396122;0,133806,0,6128263,0,06310727;0,1488559,0,5296273,0,05266039;0,1846063,0,4393275,0,04281038;0,2293802,0,3464443,0,03339241;0,285702,0,257901,0,02365788;0,3528199,0,1674347,0,01474782;0,4364486,0,08428939,0,006039854;0,5324525,0,0;0,4362338,0,1178591,0,005546716;0,4362338,0,1178591,0,005546716;Lightning
0,07585367,1,0,0383198;0,1539798,0,9268394,0,02691116;0,244801,0,8524825,0,01650525;0,348055,0,7794202,0,007340711;0,4537345,0,6992784,0;0,4011734,0,5805106,0,0053175;0,2985093,0,6671583,0,01140693;0,174694,0,7060903,0,02113173;0,05424362,0,7247559,0,03253968;0,0,65661,0,0455021;0,1094377,0,6093531,0,03435259;0,2130196,0,5354987,0,02545845;0,3175847,0,4554225,0,01794328;0,4213413,0,3692827,0,01209454;0,5252618,0,2810945,0,008275498;0,62951,0,195064,0,006355394;0,9063984,0,0,006303499;0,9063984,0,0,006303499;0,9063984,0,0,006303499;0,9063984,0,0,006303499;Lightning
0,05792707,1,0,02011482;0,1210951,0,9168093,0,01263071;0,2075205,0,8416539,0,006615284;0,2956858,0,7636012,0,002422283;0,3725882,0,6754252,0,0004627082;0,4370344,0,5801335,0;0,4374037,0,4696801,0,003174156;0,3336008,0,511089,0,002467111;0,2295778,0,5575152,0,00237812;0,1191563,0,599826,0,00398506;0,0,6236658,0,008155869;0,07545361,0,5346164,0,006085778;0,1493662,0,4455065,0,005089346;0,2190037,0,3560345,0,005413796;0,2806093,0,2673543,0,007617929;0,3343678,0,183631,0,01179628;0,3710116,0,1029755,0,01808423;0,4257004,0,0,03657547;0,4257004,0,0,03657547;0,4257004,0,0,03657547;Lightning
0,1106948,1,0,01046021;0,1869239,0,9067135,0,005292685;0,26562,0,812369,0,001784442;0,3429846,0,7171369,0;0,4153119,0,6212389,7,709359E-05;0,4654776,0,5326438,0,005316555;0,3467108,0,5769981,0,0110589;0,2275932,0,6203408,0,01458133;0,1061221,0,6579083,0,01940049;0,0,6812983,0,0301065;0,09022595,0,599232,0,02475898;0,1645351,0,5021367,0,02191587;0,2353864,0,4032814,0,02050528;0,2993941,0,3029862,0,0208914;0,3695125,0,2117745,0,02265584;0,4378451,0,1279999,0,02611699;0,5002013,0,05196689,0,03137741;0,5495928,0,0,03746103;0,5495928,0,0,03746103;0,5495928,0,0,03746103;Lightning
0,2210523,1,0,007907758;0,2837639,0,867517,0,004018194;0,3666016,0,7438647,0,001281813;0,4573008,0,6264942,0;0,5435846,0,5111639,0,0009856652;0,6166585,0,3990404,0,005071166;0,498259,0,3214076,0,01570408;0,387338,0,4102401,0,0144462;0,2535029,0,4824824,0,01738226;0,1297907,0,5700765,0,02074309;0,0,6443708,0,0287735;0,08967011,0,5275508,0,02766219;0,1583406,0,3996446,0,02785102;0,2223206,0,2786606,0,03125262;0,3080421,0,1793103,0,03543272;0,3719144,0,0875522,0,04320175;0,4578512,0,0,04879267;0,4140093,0,06549963,0,0440356;0,4140093,0,06549963,0,0440356;0,4140093,0,06549963,0,0440356;Lightning
0,0973097,1,0,02377567;0,1565332,0,9187581,0,01614123;0,2350446,0,8429283,0,009551472;0,313545,0,7622902,0,004263079;0,3852463,0,6732972,0,0009729611;0,4371267,0,5728762,0;0,3198438,0,5943126,0,003853429;0,204606,0,6234838,0,008234474;0,1035323,0,6820056,0,01261858;0,0,7278374,0,01963124;0,07901178,0,6479118,0,01436256;0,1430654,0,5551549,0,01049894;0,2086094,0,4621205,0,007567815;0,2685508,0,3656375,0,005873122;0,3200396,0,2659998,0,005686145;0,3766522,0,1702838,0,006071658;0,4322422,0,07751597,0,007698699;0,4968071,0,0,0109725;0,5144958,0,01354394,0,008732853;0,5144958,0,01354394,0,008732853;Lightning
0,04576506,1,0,01180586;0,1380526,0,9176826,0,008060229;0,2330784,0,8378559,0,004523524;0,3240259,0,754031,0,00183936;0,4154395,0,671517,0;0,4613357,0,5641031,0,001675042;0,3421601,0,6081932,0,006754789;0,2315636,0,6682252,0,01132656;0,1169325,0,7175879,0,01768262;0,0,700233,0,02707469;0,09588522,0,6231447,0,02197446;0,1696599,0,5261379,0,01852423;0,2417887,0,4276746,0,01605218;0,3127522,0,3289564,0,01459016;0,3844731,0,2331585,0,01455284;0,4589469,0,1420435,0,01535076;0,5255408,0,05053528,0,01764575;0,5849975,0,0,01812732;0,5849975,0,0,01812732;0,5849975,0,0,01812732;Lightning
0,2031627,1,0,01525349;0,2753235,0,9209586,0,00918846;0,3520816,0,8404601,0,004647944;0,4194399,0,7514443,0,001449797;0,4909953,0,6655379,0;0,4341245,0,5693183,0,00185193;0,3273097,0,6130283,0,00470246;0,2175599,0,651038,0,008674089;0,1092264,0,6908332,0,01371006;0,0,6960616,0,02195956;0,09973422,0,6435469,0,01612446;0,176636,0,5625045,0,01202328;0,2423729,0,4723856,0,009174671;0,305801,0,38083,0,007576719;0,3667149,0,2889614,0,00711526;0,427167,0,1983499,0,007400987;0,4785478,0,1066917,0,009265424;0,5319398,0,0213445,0,01222498;0,5519195,0,0,01279355;0,5519195,0,0,01279355;Lightning
0,1038471,1,0,01142802;0,1466716,0,9176565,0,006320817;0,1835642,0,8286615,0,002744112;0,2315099,0,7420334,0;0,2613527,0,6492943,0,0007520053;0,1965095,0,7263413,0,003350465;0,1246968,0,7970837,0,006843386;0,0491438,0,8618684,0,01160746;0,0,7752586,0,01430682;0,08553228,0,7262353,0,00822229;0,1296426,0,6379343,0,005655336;0,1755647,0,5498159,0,003847692;0,2198942,0,4615514,0,003410506;0,2649031,0,375442,0,004017088;0,3062009,0,2912722,0,00595212;0,3331361,0,2097104,0,01010276;0,3594795,0,1380147,0,01573207;0,4252068,0,0,02969211;0,4252068,0,0,02969211;0,4252068,0,0,02969211;Lightning
0,06851572,1,0,03648565;0,139478,0,9099255,0,02596666;0,2176951,0,8135772,0,01686626;0,3009871,0,7127778,0,009201462;0,3833828,0,6054563,0,003351148;0,4561982,0,4890813,0;0,348695,0,4294495,0,01152917;0,2330891,0,5017926,0,01956716;0,1125416,0,5460243,0,0303738;0,0,5790468,0,04286282;0,0971477,0,4840005,0,03661244;0,1718283,0,3899291,0,02676111;0,25271,0,2814813,0,02114168;0,3421183,0,1765336,0,01895703;0,4426331,0,08607158,0,01880072;0,553576,0,0,01490909;0,5523164,0,03688003,0,01451546;0,5523164,0,03688003,0,01451546;0,5523164,0,03688003,0,01451546;0,5523164,0,03688003,0,01451546;Lightning
0,02729492,1,0,0201814;0,1257841,0,9057188,0,01220343;0,2273352,0,8077546,0,006107456;0,3337853,0,7114525,0,002143351;0,4494213,0,626847,0;0,5516723,0,5336244,0,0002881495;0,4837324,0,4109722,0,001024653;0,3827062,0,5098726,0,002230834;0,2647607,0,592221,0,004779891;0,1352848,0,6595396,0,009483234;0,0,6026403,0,01599804;0,1276912,0,5337119,0,00999392;0,2294173,0,4331843,0,005724715;0,3186857,0,3233048,0,00392255;0,4081115,0,2156648,0,003434829;0,4994095,0,1120316,0,003843815;0,5800345,0,0,004329897;0,571671,0,02730366,0,003210105;0,571671,0,02730366,0,003210105;0,571671,0,02730366,0,003210105;Lightning
0,02219375,1,0,009237305;0,1016757,0,9255916,0,005747621;0,1845358,0,8544276,0,003535496;0,2589696,0,7753345,0,001516977;0,3295409,0,6936089,0,0001485904;0,3848659,0,6030238,0;0,2720615,0,6146624,0,004697131;0,2086289,0,7003779,0,005188316;0,1037918,0,7392585,0,009878674;0,0,7296594,0,01833439;0,09546755,0,6745448,0,01375477;0,1739552,0,5989254,0,01071205;0,2437106,0,5160972,0,008534189;0,2975059,0,4237209,0,007571339;0,3433849,0,3283426,0,007523535;0,3869565,0,2339714,0,00856327;0,4272011,0,1409195,0,01063477;0,4659668,0,0,01359463;0,4659668,0,0,01359463;0,4659668,0,0,01359463;Lightning
0,08449093,1,0,0147806;0,1667856,0,9317281,0,009086217;0,2458617,0,8565334,0,004971357;0,3192701,0,7755849,0,001793965;0,399996,0,7014934,0;0,4346304,0,6020485,0,0008590283;0,3277819,0,6319766,0,002586573;0,2205792,0,6619705,0,004550699;0,1117977,0,6922275,0,007970366;0,0,7066855,0,01341235;0,05035247,0,6122607,0,01272349;0,1513307,0,5640438,0,009420213;0,2362568,0,495696,0,008094349;0,3087441,0,4176016,0,007983017;0,3732661,0,336815,0,009129548;0,4321304,0,2556185,0,01124043;0,4817441,0,1721447,0,01428467;0,5255583,0,09155546,0,0185001;0,570749,0,0,02283668;0,570749,0,0,02283668;Lightning
0,1246298,1,0,01235606;0,2120022,0,9014122,0,00757533;0,2934984,0,798287,0,002885562;0,3667602,0,6883593,0,0004217435;0,4398896,0,5802957,0;0,5162023,0,4810619,0,00171762;0,4266118,0,3891209,0,009262791;0,3715001,0,4945655,0,00555855;0,2579922,0,5608848,0,006268752;0,1330588,0,6159731,0,009893703;0,0,6002825,0,01840616;0,113002,0,526223,0,01403379;0,2069432,0,4333402,0,01251148;0,293226,0,3374921,0,01264185;0,3743642,0,2429632,0,01431082;0,448879,0,1518315,0,01772247;0,5111901,0,06491444,0,02326399;0,5692905,0,0,03124307;0,5957217,0,0008794835,0,03546147;0,5957217,0,0008794835,0,03546147;Lightning
0,1341707,1,0,03220642;0,1988043,0,9154783,0,02262677;0,292387,0,837851,0,01472514;0,3817354,0,7514809,0,007957506;0,4690215,0,6587264,0,002839444;0,5577337,0,5651327,0;0,4424199,0,5350153,0,01044695;0,3242212,0,5912846,0,01333199;0,2034555,0,6388438,0,02020212;0,08777973,0,6870886,0,028499;0,0,7011189,0,04170895;0,05827117,0,5898475,0,03903542;0,1382514,0,4922993,0,03435066;0,2282799,0,4020623,0,02952878;0,3169482,0,3097027,0,02722685;0,4107065,0,2272872,0,02719155;0,4994954,0,1484697,0,0291517;0,6289052,0,0,03817704;0,6289052,0,0,03817704;0,6289052,0,0,03817704;Lightning
0,1110191,1,0,01758918;0,1662939,0,9159316,0,0114667;0,2231425,0,8291815,0,006084298;0,2718325,0,7345661,0,002250632;0,3215094,0,6381388,0;0,3584997,0,5375425,0,0001343822;0,2441053,0,5481446,0,003813175;0,1924059,0,6431534,0,004625292;0,101756,0,7081642,0,008549985;0,0,7510837,0,01471237;0,03856402,0,652527,0,01540671;0,106284,0,5667433,0,01290867;0,1573691,0,4721175,0,01240824;0,2101245,0,380163,0,01287092;0,256226,0,2908901,0,01534372;0,2942517,0,207405,0,01983054;0,3211712,0,1329275,0,02639369;0,352391,0,0,04019019;0,352391,0,0,04019019;0,352391,0,0,04019019;Lightning
0,07283625,1,0,02002418;0,1229285,0,9065434,0,01459454;0,1952356,0,8226064,0,009517998;0,2750445,0,7423409,0,005220014;0,3576055,0,6633788,0,002165737;0,4360781,0,5810493,0;0,3216041,0,5676266,0,001641875;0,2254153,0,6318164,0,004892962;0,1150826,0,6714364,0,009461766;0,0,6531711,0,01593003;0,07746707,0,5707755,0,01197812;0,1449977,0,4804679,0,009063184;0,197154,0,3815733,0,007567263;0,2519962,0,2843988,0,006652675;0,3103446,0,1897844,0,006205304;0,3651471,0,09474666,0,006620425;0,4145117,0,0,008262713;0,3974041,0,02420598,0,007748361;0,3974041,0,02420598,0,007748361;0,3974041,0,02420598,0,007748361;Lightning
0,07926133,1,0,01790086;0,1496283,0,9273695,0,01197888;0,2320106,0,860996,0,00709017;0,3134657,0,792055,0,002884179;0,3929164,0,7199728,0;0,4136965,0,6185654,0,0002798177;0,3069445,0,6467791,0,0041767;0,1996939,0,6717969,0,008915217;0,09092768,0,6819575,0,01470258;0,0,6321263,0,0215684;0,0898807,0,5748615,0,01646812;0,1650339,0,5001122,0,01248772;0,2292686,0,4160696,0,00977617;0,294281,0,3327949,0,008235616;0,3600712,0,2516291,0,007723966;0,42636,0,1725273,0,00786668;0,4935361,0,09874014,0,009182882;0,6141282,0,0,01336831;0,6141282,0,0,01336831;0,6141282,0,0,01336831;Lightning
0,1060483,1,0,01297046;0,1800341,0,924148,0,009166576;0,2494808,0,8439195,0,00619947;0,314569,0,760398,0,0034393;0,3812585,0,6777916,0,001165998;0,4453234,0,5940233,0;0,4842125,0,5002317,0,001242001;0,3765148,0,5255037,0,004774611;0,2762096,0,56892,0,007671359;0,174893,0,610765,0,01143762;0,07473226,0,6522127,0,01675554;0,0,5925484,0,02480917;0,0738413,0,5166664,0,02101017;0,1229163,0,4243015,0,01955935;0,166152,0,3296009,0,01877901;0,2047642,0,2337806,0,01878992;0,232998,0,1361242,0,01997247;0,2673361,0,04328379,0,02207496;0,2736932,0,0,02446038;0,2736932,0,0,02446038;Lightning
0,1740391,1,0,01888581;0,2375103,0,9159777,0,01316034;0,3103296,0,8336937,0,008792241;0,3871534,0,7531047,0,0052107;0,4629577,0,6711892,0,002577327;0,4458216,0,5684769,0;0,3718722,0,6510497,0,00137849;0,2778017,0,7116464,0,002917056;0,1778225,0,7648728,0,005290546;0,06839707,0,7998452,0,008945023;0,0,7123466,0,01093579;0,04952891,0,6146093,0,0089765;0,1027307,0,5185549,0,007503962;0,1493606,0,4198226,0,006800705;0,1961748,0,3222634,0,006955406;0,246625,0,2281929,0,007838315;0,2900611,0,1341469,0,009963056;0,3577334,0,0,01469123;0,3577334,0,0,01469123;0,3577334,0,0,01469123;Lightning
0,1,0,02376103;0,08757062,0,9165648,0,01732592;0,1765682,0,8296857,0,01257444;0,2667162,0,7430907,0,008151501;0,355641,0,6547047,0,004253669;0,4354068,0,5586668,0,001710477;0,5106733,0,459804,0;0,4270487,0,5368615,0,008616547;0,3111713,0,5850807,0,01004718;0,1888433,0,6202385,0,01691821;0,0686994,0,6436237,0,02562759;0,090876,0,5273604,0,02791823;0,1845769,0,444311,0,02340064;0,2481653,0,3386118,0,0208934;0,3047207,0,2295198,0,01951828;0,3560487,0,118695,0,01902411;0,3585387,0,0,02175706;0,3235483,0,1181708,0,02261889;0,3235483,0,1181708,0,02261889;0,3235483,0,1181708,0,02261889;Lightning
0,07478671,1,0,02056922;0,1392515,0,9196284,0,01412785;0,2128134,0,8400052,0,008850432;0,2885737,0,7593824,0,004541351;0,3614028,0,6749385,0,001547043;0,4260351,0,5849568,0;0,3215807,0,5445276,0,006994897;0,2189689,0,5954043,0,01064152;0,1078042,0,6239309,0,01616789;0,0,6458414,0,02370911;0,02673646,0,5407171,0,0233064;0,1092489,0,4654017,0,01946807;0,1828527,0,3818477,0,01673449;0,2478828,0,2923057,0,01488223;0,3051557,0,1983983,0,01366069;0,3445276,0,09705836,0,01347095;0,380246,0,0,01583126;0,3650877,0,01231615,0,01637268;0,3650877,0,01231615,0,01637268;0,3650877,0,01231615,0,01637268;Lightning
0,1565328,1,0,01204368;0,2293527,0,9264883,0,008335199;0,2869848,0,8425475,0,004695704;0,347888,0,7592824,0,001825996;0,4088392,0,6757335,0,0001144684;0,4588494,0,5873419,0;0,3809589,0,5248471,0,006581684;0,2855212,0,5696388,0,008367191;0,1793425,0,5897653,0,01235759;0,07618697,0,615742,0,01779859;0,0,5539751,0,02454698;0,07368366,0,4808433,0,0213701;0,1395855,0,4014532,0,01960909;0,206487,0,3240026,0,01877382;0,2697175,0,2455282,0,01878956;0,3293331,0,1674978,0,01980903;0,384126,0,09185465,0,02217788;0,4454051,0,0,02831868;0,4454051,0,0,02831868;0,4454051,0,0,02831868;Lightning
0,01892552,1,0,01076121;0,0873107,0,9103065,0,007491162;0,1611722,0,8241804,0,004059373;0,2285824,0,7331292,0,001907814;0,2931314,0,6404516,0,0004060513;0,3474386,0,5429674,0;0,3206222,0,4394055,0,004405627;0,2365918,0,5122829,0,004549426;0,1285514,0,5571547,0,007393777;0,01673865,0,5939761,0,01228576;0,0,4905965,0,01684002;0,1058991,0,4417838,0,01179713;0,1763709,0,3546371,0,01103685;0,2420407,0,2658001,0,01113025;0,2929218,0,1720336,0,01281453;0,3448782,0,08334245,0,01550655;0,3814353,0,0,0207593;0,3391468,0,0361471,0,02099336;0,3391468,0,0361471,0,02099336;0,3391468,0,0361471,0,02099336;Lightning
0,1673986,1,0,01401929;0,2261166,0,9075683,0,009167803;0,2724082,0,8071796,0,005571349;0,3281526,0,7097691,0,002366662;0,3879994,0,6136663,0;0,3808776,0,5097213,0,004527402;0,2987936,0,5900937,0,007517277;0,1999146,0,649546,0,01279122;0,09903498,0,7014955,0,01924246;0,0,6726275,0,02866638;0,08426829,0,5982159,0,02337179;0,1563488,0,5108548,0,01993795;0,2236019,0,4196941,0,01759997;0,2825218,0,3240778,0,01655459;0,3344576,0,2261533,0,01661395;0,3899542,0,1326707,0,01764643;0,4513429,0,04638335,0,01948825;0,5350055,0,0,02266512;0,5350055,0,0,02266512;0,5350055,0,0,02266512;Lightning
0,08002505,1,0,01134431;0,1106726,0,912176,0,008094756;0,1643959,0,8330436,0,004641864;0,2164905,0,75157,0,002241406;0,2661577,0,6684794,0,0006423244;0,3115888,0,5836935,0;0,2450317,0,5110289,0,002538711;0,1763135,0,5807455,0,004126782;0,09699319,0,6402631,0,006976989;0,0,6521142,0,01334616;0,05996398,0,5757263,0,01072621;0,114666,0,496124,0,009627526;0,1616945,0,4128573,0,009289357;0,2010101,0,3271475,0,009813493;0,2384856,0,2425652,0,01112995;0,2714588,0,15895,0,01337307;0,3056534,0,08095685,0,01668062;0,3662125,0,0,02222981;0,3662125,0,0,02222981;0,3662125,0,0,02222981;Lightning
