0,08421634,0,941099,0,006000755;0,3318845,0,932456,0,009489426;0,5878227,0,9384442,0,01118718;0,84641,0,9562795,0,01081825;0,989216,0,7461116,0,01304619;0,742981,0,6675193,0,01381931;0,5308366,0,5200879,0,0137525;0,3245836,0,3696873,0,01203859;0,1304419,0,2172104,0,008524496;0,0,0210629,0,00351345;0,2349458,0,02493363,0,00851697;0,4851925,0,02247257,0,01146545;0,7412013,0,00381787,0,01273911;1,0,0,01238073;0,897035,0,2352043,0,01398763;0,6566501,0,3297759,0,01442145;0,4619799,0,4956799,0,01287806;0,2902638,0,6743709,0,009482451;0,123464,0,8379432,0,004268397;0,03961774,0,9417511,0;Time
0,007256372,0,8076445,0,005531644;0,2501946,0,7827744,0,008503176;0,4990689,0,781661,0,01025323;0,7512193,0,7722174,0,01018249;1,0,7477266,0,00813617;0,8389854,0,5524744,0,008457839;0,6102151,0,4485157,0,009975125;0,3926766,0,3270392,0,008324523;0,1861976,0,1966708,0,005411952;0,0,07356621,0;0,2402189,0,0,001914696;0,4801324,0,02576184,0,005316275;0,7324502,0,007022375,0,005923281;0,985034,0,006455856,0,004294462;0,8090633,0,1862025,0,006277356;0,6187276,0,3455595,0,008756031;0,4292541,0,5127763,0,008596082;0,2387854,0,673712,0,00670494;0,0379223,0,797659,0,002508618;0,05934658,0,8372169,0,001070383;Time
0,6354773,0,9830865,0;0,4410754,0,9889595,0,01366815;0,2789077,1,0,02832202;0,1487343,0,9890031,0,04356876;0,1149363,0,7625706,0,04332;0,2275308,0,6758138,0,02917956;0,353544,0,5233229,0,01831734;0,5077186,0,3661155,0,008846896;0,678643,0,201635,0,001503367;0,6539073,0,0,009077929;0,451505,0,1237222,0,01789903;0,2606814,0,1681534,0,03121943;0,1066014,0,2006386,0,04587694;0,0,2296363,0,06120107;0,05849004,0,396666,0,05072126;0,1536727,0,5271631,0,03805771;0,2843916,0,6575183,0,02582963;0,4585089,0,7784295,0,01454853;0,6667442,0,8915076,0,005265476;0,7365075,0,9502376,0,003956323;Time
0,4161852,1,0,007888333;0,2806821,0,9823771,0,0217487;0,1807802,0,954354,0,03594198;0,106127,0,8881058,0,04963002;0,08680262,0,7347576,0,04129561;0,128745,0,6313707,0,02910767;0,1835408,0,4873944,0,01873621;0,2602029,0,3343435,0,008916415;0,3829825,0,1815215,0;0,3774271,0,0,007098667;0,2236314,0,1001821,0,01839785;0,1067625,0,1272554,0,03241282;0,03203422,0,1418409,0,04668575;0,0,1745175,0,06046156;0,02977925,0,3614578,0,05423563;0,0650251,0,4982695,0,0435162;0,1336035,0,635744,0,03258793;0,2360269,0,7720398,0,02180785;0,3783769,0,9058038,0,01199692;0,5019423,0,9859064,0,007963285;Time
0,6848917,0,9146941,0;0,4781702,0,9037864,0,02014142;0,2825505,0,8954313,0,04045652;0,1195461,0,8855158,0,06116575;0,0,8859617,0,0820426;0,1398804,0,6506658,0,08777799;0,2401852,0,5776554,0,06750401;0,4156145,0,4286793,0,04969563;0,6338549,0,2701257,0,03350776;0,8881043,0,09231643,0,02093931;0,7124306,0,005665967,0,04053472;0,5119215,0,0,0607568;0,3499238,0,01466824,0,08148647;0,1845753,0,2288964,0,09555522;0,2836435,0,2795378,0,07509338;0,3673531,0,4158086,0,0566363;0,4712963,0,5855504,0,03936;0,6084443,0,7763669,0,0232355;0,8125917,1,0,009937462;0,8125917,1,0,009937462;Time
0,7574641,0,9127579,0,01363926;0,5051237,0,9262428,0,0349549;0,2854769,0,9568806,0,05688601;0,1340973,0,9702177,0,07963394;0,08690353,0,7389509,0,0958145;0,1857594,0,735135,0,07315695;0,3387638,0,6485638,0,05122624;0,5356138,0,5032835,0,0313427;0,7819349,0,3215308,0,0146667;0,8679398,0,0,01716626;0,5841247,0,1415998,0,0341396;0,3298519,0,1943759,0,05499192;0,1299737,0,2263308,0,07725152;0,0,1877535,0,09989079;0,08532795,0,3444691,0,07993802;0,2021061,0,5201903,0,06052301;0,3663981,0,701623,0,04154421;0,5899962,0,8499622,0,02218998;0,9777756,1,0;0,9777756,1,0;Time
0,6518074,0,9740756,3,114403E-05;0,4501288,0,9888242,0,02043891;0,2833253,1,0,04129483;0,1617766,0,9857153,0,0623288;0,1134881,0,8327828,0,08027423;0,2419065,0,7325139,0,06050541;0,3428586,0,6076745,0,04140668;0,4998214,0,4670649,0,02297352;0,6770673,0,2809623,0,006990562;0,8113526,0,3,956663E-05;0,5618368,0,06793865,0,01854558;0,3370043,0,1145035,0,0381438;0,1530516,0,1163275,0,05881893;0,0,1690725,0,07945038;0,1036975,0,3430717,0,06208808;0,2295711,0,5179233,0,04473243;0,3818078,0,6834043,0,0270673;0,5752377,0,8489981,0,01009047;0,7547903,0,9617465,0;0,7547903,0,9617465,0;Time
0,1,0,004515203;0,08285941,0,937331,0,01507779;0,1888782,0,9057212,0,02484674;0,3216874,0,8524644,0,03256373;0,4332678,0,6830448,0,03529695;0,2825263,0,5804898,0,0306992;0,1700817,0,4492487,0,02457036;0,08513841,0,3230709,0,01634143;0,04902289,0,1847802,0,006403262;0,1677469,0,0;0,200768,0,07163865,0,01244008;0,3199033,0,07557637,0,02158135;0,4918388,0,05848387,0,02672543;0,5005088,0,2463689,0,03365739;0,3184676,0,2598548,0,02949752;0,1791628,0,4139974,0,02777683;0,0718338,0,571569,0,02328951;0,01262162,0,7483692,0,01736681;0,02214881,0,9229844,0,008605598;0,04192105,0,9396762,0,005115444;Time
0,07700503,0,8755553,0,01152547;0,09338226,0,942624,0,02252142;0,1457727,1,0,03245016;0,1510438,0,815213,0,03535671;0,06671355,0,7368363,0,02749384;0,01627279,0,5989876,0,02082438;0,0,4409702,0,01434281;0,01669057,0,2816334,0,007068644;0,0702717,0,1172483,0;0,1141393,0,0,008252264;0,05752921,0,1318256,0,01806894;0,05622014,0,2025394,0,02956308;0,09201749,0,2453173,0,0404734;0,1463924,0,3554911,0,04857454;0,07933767,0,4612398,0,04091436;0,0345788,0,5794456,0,03277786;0,0191207,0,6963493,0,02344533;0,05197265,0,833136,0,01415067;0,09143955,0,8471981,0,01122769;0,09143955,0,8471981,0,01122769;Time
0,5839813,0,9849386,0;0,3808818,0,9872875,0,01303662;0,2096331,1,0,02726203;0,05974421,0,9699081,0,04190363;0,03100991,0,7626238,0,04793048;0,1354793,0,7030802,0,03322898;0,2467293,0,5666829,0,02130882;0,373114,0,4086134,0,01109935;0,4968836,0,2226388,0,003711956;0,5437225,0,0,004587243;0,3372597,0,02766978,0,01724552;0,1548181,0,07440063,0,03070713;0,01569009,0,1006858,0,04557364;0,0,3217316,0,04376244;0,08692802,0,4664484,0,03212481;0,1978309,0,624487,0,02160075;0,3390416,0,7845313,0,01214868;0,5061017,0,9464346,0,004818419;0,5623823,0,960636,0,002878251;0,5623823,0,960636,0,002878251;Time
0,9152381,0,8957024,0;0,6858068,0,9392797,0,004569353;0,4593995,0,9894194,0,01102972;0,2337105,1,0,01944264;0,2905485,0,7956989,0,01656667;0,4725317,0,6674164,0,010191;0,623427,0,504024,0,006499465;0,7524353,0,3265052,0,004757887;0,8378739,0,1357748,0,006127358;0,6647363,0,0,01292226;0,4381627,0,04880529,0,01760431;0,2102283,0,07979103,0,02452266;0,0,1085389,0,03454569;0,1091022,0,2765923,0,0272622;0,2782707,0,3885334,0,01772634;0,4443168,0,5295285,0,01084;0,6114894,0,6785716,0,006050575;0,7865019,0,8194722,0,003264144;0,9004578,0,9243785,0,003905349;0,9004578,0,9243785,0,003905349;Time
0,5109468,0,8620806,0,004060234;0,297211,0,8794405,0,01980768;0,1293409,0,9202583,0,03654268;0,0,9013449,0,05412831;0,1109381,0,6838105,0,04618347;0,2559514,0,6536208,0,02892702;0,4165285,0,4995582,0,0160136;0,5805674,0,3189995,0,00508808;0,7153762,0,08757795,0;0,5322537,0,0,01574869;0,3021285,0,05268799,0,03015064;0,1163988,0,06637601,0,04678413;0,0009197766,0,048071,0,06441605;0,04193312,0,3007308,0,06160919;0,109649,0,3948485,0,04513005;0,2148222,0,5640512,0,03153019;0,3634204,0,7341664,0,01861258;0,5526409,0,9087828,0,007788001;0,7957806,1,0,0001420177;0,7957806,1,0,0001420177;Time
0,0,8708355,0,01349268;0,05222976,0,8958407,0,02727204;0,1533223,0,9152976,0,03895642;0,2895666,0,8850785,0,0485741;0,4088924,0,6997549,0,04030668;0,2178039,0,6869482,0,03485044;0,1162857,0,5595166,0,02599292;0,06254347,0,3887629,0,01724453;0,06801573,0,1878242,0,009029361;0,1527447,0,0,01513567;0,2336278,0,02310893,0,02778577;0,3543674,0,05374983,0,03830065;0,5022174,0,1427084,0,04571814;0,3427464,0,2762393,0,04143842;0,2035684,0,4290562,0,03660838;0,1046039,0,5978795,0,0298431;0,05561192,0,7741854,0,02083191;0,0633643,0,9367003,0,009003473;0,1007657,1,0;0,1007657,1,0;Time
0,1303898,0,8629214,0,01330138;0,3696077,0,8345485,0,01598526;0,6240912,0,8790339,0,01606721;0,8890544,0,7952366,0,009596608;0,6172748,0,753884,0,01296688;0,3690465,0,6594642,0,01424432;0,1567065,0,5237274,0,01297692;0,009265448,0,3389797,0,008839262;0,03989857,0,08779216,0,004428799;0,2774736,0,02800553,0,006731608;0,5312632,0,01330122,0,00761842;0,8039307,0,0,004904252;0,99575,0,1917325,0;0,7336847,0,2873921,0,006515087;0,5033649,0,4340781,0,01110811;0,2967494,0,6022133,0,01317766;0,1301346,0,7932009,0,01178733;0,03634749,1,0,00525885;0,0,997653,0,00417433;0,0,997653,0,00417433;Time
0,1035855,0,8071576,0,005743976;0,3221566,0,8598579,0,009821648;0,5612751,0,8877593,0,01184169;0,8119009,0,8285855,0,01115097;0,5683119,0,7343214,0,01263636;0,3313394,0,6383137,0,01300882;0,1316345,0,5140379,0,009996563;0,0,3374419,0,004359045;0,06437768,0,09239539,0,000744367;0,2777987,0,002615343,0,004273823;0,5115969,0,0,007267637;0,7723891,0,007220136,0,006043232;1,0,1473489,0,002542974;0,7355239,0,2156429,0,007943826;0,5114896,0,3590084,0,01168969;0,3215486,0,5294126,0,01203617;0,1927217,0,7345359,0,009121289;0,1577074,0,9395028,0;0,20397,0,848395,0,006457607;0,20397,0,848395,0,006457607;Time
0,5198047,0,7073126,0,006945981;0,2916791,0,779941,0,02432556;0,1104975,0,8375722,0,04324818;0,0,8562409,0,06319588;0,1691839,0,6314679,0,05321671;0,2686283,0,4410073,0,03807154;0,4581656,0,2795623,0,02275326;0,7052237,0,1146627,0,01107071;1,0,0,006966189;0,7376344,0,04996894,0,02343145;0,4906444,0,06935238,0,04085504;0,3116241,0,09572169,0,06025323;0,209627,0,1454354,0,07998487;0,2363452,0,2307676,0,06161015;0,2758099,0,3406312,0,04356448;0,3457281,0,5136484,0,02737696;0,4749708,0,6948044,0,01158816;0,6757315,0,9031083,0;0,6634786,0,8786578,0,002357384;0,6634786,0,8786578,0,002357384;Time
0,0,4452114,0,02597458;0,1567494,0,4089164,0,03336285;0,3267902,0,4029045,0,03984908;0,5409037,0,3926135,0,04162156;0,7763978,0,4048901,0,03962915;0,622953,0,3005297,0,03418692;0,3932546,0,288843,0,03479084;0,2546326,0,2254523,0,02666688;0,1914361,0,1456085,0,01480436;0,2288484,0,0726632,0;0,3720646,0,05315836,0,008586257;0,5351666,0,02889455,0,01562099;0,7564534,0,0,01652704;1,0,02618352,0,01283176;0,753757,0,05686223,0,01854704;0,5209666,0,1333942,0,02479502;0,3019219,0,2327977,0,02831823;0,106346,0,3442618,0,0278683;0,00224943,0,4222628,0,02555018;0,00224943,0,4222628,0,02555018;Time
0,1816866,0,7784384,0,008855448;0,4112675,0,8301579,0,009699572;0,6608596,0,8565431,0,007620876;0,9153094,0,8157463,0,003405011;0,7621787,0,6183899,0,007449488;0,5057195,0,6399359,0,01160342;0,2895316,0,5293716,0,01210693;0,1128409,0,3834167,0,01010702;0,0,2008452,0,005391532;0,1411572,0,0,003117828;0,3255537,0,09438745,0,007755395;0,5476316,0,1469826,0,009642251;0,7976385,0,1598872,0,007735663;1,0,3098333,0;0,7411719,0,3434726,0,00644953;0,5250025,0,4697988,0,009049593;0,3242725,0,6008812,0,008883533;0,1484021,0,7301754,0,005159797;0,1101402,0,7690365,0,004058303;0,1101402,0,7690365,0,004058303;Time
0,0,7314594,0,05431797;0,2496614,0,8437859,0,04407231;0,5043262,0,9124058,0,03106345;0,7336634,0,9426722,0,01518221;0,9195142,0,7659441,0,004731132;0,7164103,0,6966727,0,0211491;0,5055512,0,5826511,0,03557096;0,2907756,0,4331484,0,04690775;0,1109204,0,2328914,0,05328656;0,07068607,0,0,0476096;0,3169659,0,1306925,0,04081349;0,5773329,0,2281899,0,03077257;0,8194891,0,3158142,0,01719881;1,0,3730472,0;0,7819463,0,4003028,0,0164204;0,5608993,0,4612883,0,03193689;0,334219,0,5750641,0,04455877;0,08072739,0,6658328,0,05540034;0,03472192,0,7309288,0,05692266;0,03472192,0,7309288,0,05692266;Time
0,0,7619815,0,005250745;0,1487942,0,7612543,0,01664192;0,3419785,0,8208155,0,02410721;0,5789607,0,8352856,0,0278532;0,8013638,0,6781437,0,02511774;0,5651916,0,6251056,0,02191879;0,3783562,0,5073287,0,01595458;0,230372,0,3566925,0,008496773;0,1741289,0,1451103,0;0,3444519,0,003492332,0,006514374;0,5362514,0,01256717,0,01478226;0,7647161,0,0,01957252;1,0,1118722,0,02025046;0,7400695,0,1624849,0,02035892;0,511091,0,2864452,0,01960327;0,3206239,0,4467441,0,01664899;0,1924701,0,6322296,0,00982572;0,1792063,0,6944689,0,005656668;0,1792063,0,6944689,0,005656668;0,1792063,0,6944689,0,005656668;Time
0,0,397056,0,02837061;0,1960425,0,391115,0,03052055;0,3840592,0,4114868,0,03351781;0,5867779,0,4239956,0,03462724;0,8063797,0,4147165,0,03258124;0,7212167,0,2928105,0,02464766;0,5451182,0,2367381,0,02104146;0,3928442,0,1779362,0,01521019;0,2733605,0,1079933,0,007193578;0,4667518,0,0;0,6485623,0,01644333,0,003892034;0,8486057,0,02977754,0,005622831;1,0,1217915,0,01034279;0,7766986,0,1604023,0,014203;0,5580608,0,216324,0,01804909;0,3453761,0,2871526,0,02160258;0,1490564,0,3859873,0,02389581;0,06934034,0,4667518,0,02453883;0,06934034,0,4667518,0,02453883;0,06934034,0,4667518,0,02453883;Time
0,120679,0,746205,0,02172772;0,375287,0,7985749,0,01978473;0,6424123,0,7942104,0,01589848;0,8722001,0,6661693,0,007921599;0,6064776,0,6120125,0,01322761;0,3741434,0,4934331,0,01542048;0,1669332,0,3528121,0,01527753;0,02631226,0,1722001,0,01111319;0,219522,0,0,008832086;0,4735671,0,003949073,0,008429752;0,7407371,0,00351128,0,005044114;1,0,08234532,0;0,7611704,0,2011302,0,007976882;0,5367433,0,3411615,0,01475235;0,3155774,0,4836855,0,01895326;0,1227518,0,6487782,0,01981182;0,0,8388117,0,01477859;0,02876927,0,8205048,0,01242685;0,02876927,0,8205048,0,01242685;0,02876927,0,8205048,0,01242685;Time
0,37041,0,6386245,0,05354638;0,6475337,0,7460357,0,03647346;0,8840594,0,7921922,0,01595225;0,9305477,0,4960965,0,00843043;0,6818728,0,5143018,0,02870272;0,3863263,0,458768,0,0460681;0,112579,0,2932206,0,05896083;0,0,0,06046554;0,3160188,0,07271079,0,04662861;0,6060584,0,1909073,0,03134077;0,8741366,0,2652178,0,01250258;1,0,5288469,0;0,7941937,0,4743968,0,02114242;0,5548077,0,5008625,0,04153612;0,2791731,0,585752,0,05884783;0,2974338,0,8973181,0,05739276;0,2598509,0,7102996,0,0550049;0,2598509,0,7102996,0,0550049;0,2598509,0,7102996,0,0550049;0,2598509,0,7102996,0,0550049;Time
0,0,7337589,0,01408391;0,2225187,0,7622998,0,02016679;0,4478159,0,7857567,0,02592626;0,7030333,0,7902467,0,02820651;0,9827446,0,769201,0,02591493;0,8746716,0,6182762,0,01551945;0,6164038,0,5450715,0,01508341;0,3999557,0,4246308,0,01140096;0,2269785,0,2545932,0,006556677;0,2560429,0,0;0,4580041,0,05566238,0,007605726;0,6789321,0,09859964,0,01361043;0,9348038,0,1049773,0,01593221;1,0,3689583,0,01510103;0,7219901,0,3553825,0,01657023;0,4695614,0,4516818,0,01645037;0,2525496,0,580126,0,01319106;0,1393925,0,7929096,0,006893304;0,1708731,0,7316749,0,007197841;0,1708731,0,7316749,0,007197841;Time
0,0,7345243,0,01733411;0,0821496,0,7646042,0,03390818;0,1848802,0,7963617,0,0495595;0,3351198,0,8000653,0,06285585;0,5574147,0,6213871,0,06332517;0,4350617,0,5777124,0,04881604;0,3819753,0,4798838,0,03229893;0,3822658,0,352411,0,01505651;0,4799855,0,1557589,0;0,6305882,0,0,009820035;0,7033696,0,03979666,0,02660358;0,8327379,0,055374,0,04096882;1,0,1185548,0,05257716;0,7945098,0,2288962,0,04517157;0,5957589,0,3264052,0,03664193;0,411634,0,440886,0,02746641;0,2619898,0,5897241,0,01722676;0,1924328,0,7546623,0,006058914;0,1924328,0,7546623,0,006058914;0,1924328,0,7546623,0,006058914;Time
0,2096642,0,8737414,0;0,1047265,0,9342122,0,02226527;0,02359099,0,9954522,0,04440515;0,1,0,06631596;0,1273672,0,8140324,0,07937919;0,1534923,0,7698219,0,05769087;0,2266183,0,6401922,0,03712135;0,3254923,0,4605447,0,01831615;0,4490433,0,2242049,0,003006616;0,424849,0,0,0193039;0,3332303,0,03562028,0,04185058;0,2858824,0,07092381,0,06397656;0,2942991,0,1523459,0,08445369;0,2364982,0,3690617,0,07008737;0,2184731,0,497711,0,05071181;0,2354876,0,6086521,0,03007323;0,3028063,0,7627175,0,009898713;0,3783307,0,8470131,0,0001609719;0,3783307,0,8470131,0,0001609719;0,3783307,0,8470131,0,0001609719;Time
0,1598088,0,9104802,0;0,2532196,0,9734566,0,01725463;0,367839,1,0,03402471;0,5129649,0,9884067,0,04942818;0,5498672,0,6921633,0,05606899;0,3673048,0,7014539,0,04285054;0,196971,0,5069733,0,03461123;0,06798626,0,2594205,0,02781365;0,0,00145097,0,04138243;0,09821841,0,0,05906072;0,232213,0,01375173,0,07499116;0,4005111,0,02130255,0,08899645;0,6667389,0,09469566,0,09409153;0,479672,0,1895285,0,08234978;0,3431075,0,3249163,0,06854796;0,2627339,0,4785964,0,05258278;0,2291089,0,6227694,0,03455551;0,2273475,0,7337217,0,01476236;0,2565546,0,8059959,0,008421131;0,2565546,0,8059959,0,008421131;Time
0,1956997,0,9111782,0,01476958;0,4100726,0,9497589,0,0186806;0,6529665,0,9577553,0,01901787;0,909597,0,9033843,0,01385459;0,6773671,0,8226329,0,01389196;0,4442245,0,7296169,0,01499596;0,2513788,0,5841615,0,01418584;0,09946005,0,411956,0,01104457;0,0,2180851,0,005506564;0,1144372,0,0;0,2737096,0,1106415,0,007032606;0,4870798,0,1604165,0,01094674;0,7349103,0,1642283,0,01062956;1,0,1417561,0,004675849;0,8218487,0,3240053,0,007963155;0,598528,0,4554702,0,01313667;0,4273639,0,6327634,0,01332991;0,2730089,0,7956611,0,009202549;0,2356431,0,8868066,0,002021498;0,2356431,0,8868066,0,002021498;Time
0,1063699,0,9682018,0,003699709;0,2978164,0,9944823,0,007982244;0,5142568,1,0,009293579;0,7527498,0,9931654,0,005956713;0,5522026,0,8651677,0,01001324;0,36612,0,7217169,0,01346678;0,210781,0,5596127,0,01362584;0,08839749,0,3882601,0,01080955;0,007762731,0,1948729,0,007165684;0,0,0;0,1465939,0,1113873,0,005787581;0,3208153,0,1714039,0,01106814;0,531301,0,2095184,0,01270823;0,7633392,0,2348829,0,01077593;0,855835,0,4382568,0,005255137;0,6143165,0,4552016,0,01158938;0,4441451,0,6038325,0,01208067;0,2966291,0,7509658,0,008943263;0,1788803,0,8878382,0,002199465;0,1687128,0,9194647,8,494253E-05;Time
0,8725712,0,5634781,0;0,6231977,0,5332563,0,007314438;0,3766448,0,5383127,0,01566872;0,1506399,0,5302255,0,02684493;0,0,5021605,0,04160849;0,2251197,0,4428048,0,03191967;0,4567961,0,3617909,0,02527385;0,6883449,0,2761257,0,02109782;0,9189035,0,2013196,0,01905059;1,0,08174916,0,02848083;0,7536122,0,04635479,0,03392516;0,5225735,0,01345482,0,04404441;0,3186094,0,0,05677118;0,1532656,0,1437718,0,066266;0,2996894,0,1429429,0,05128546;0,435738,0,2055357,0,03679854;0,5826344,0,3075965,0,02372598;0,7360125,0,4473773,0,0128209;0,9160452,0,6485956,0,003003726;0,9160452,0,6485956,0,003003726;Time
0,297456,0,9525426,0,005118643;0,1648614,0,9206584,0,0256336;0,05717962,0,9053236,0,0462775;0,0,9256554,0,06658067;0,1027791,0,844761,0,08197542;0,1124292,0,7838821,0,06283449;0,1887316,0,6570776,0,04437383;0,2967794,0,4834701,0,02780522;0,4385472,0,3000516,0,01206852;0,6156099,0,08284112,0;0,4982558,0,0,01985931;0,3653506,0,06410107,0,03994497;0,2985652,0,08887521,0,06032942;0,3100566,0,102158,0,07944348;0,2849886,0,2715394,0,06412707;0,2560161,0,4263958,0,04821827;0,2694264,0,6093928,0,03244673;0,3374097,0,8010748,0,01635352;0,4825938,1,0,001125498;0,4459899,0,9278128,0,005208767;Time
0,0,549736,0,02873286;0,1657384,0,6061222,0,03441247;0,3778838,0,5814159,0,03530581;0,5969077,0,5956484,0,03516172;0,8317126,0,5997991,0,03087145;0,662847,0,4944302,0,02768116;0,4894388,0,3892364,0,02492077;0,3697955,0,2555698,0,01887878;0,2736715,0,1252397,0,01095417;0,2107302,0,02340136,0;0,41131,0,0,002975103;0,5939783,0,02143444,0,007836278;0,8186024,0,0208029,0,007312687;1,0,1419756,0,008018893;0,7661462,0,1846428,0,01519712;0,5462168,0,2679838,0,02145465;0,3380281,0,370895,0,02527911;0,1531075,0,4932965,0,02574302;0,06757518,0,5968164,0,0249367;0,06757518,0,5968164,0,0249367;Time
0,0,709389,0,006813446;0,2391042,0,7331514,0,008835361;0,4893523,0,7697895,0,008779443;0,7534547,0,7913773,0,006103948;0,9950482,0,6815826,0,002677432;0,735995,0,5990008,0,008556601;0,4952785,0,4954911,0,01069008;0,2846892,0,3649237,0,00978957;0,1163986,0,1932668,0,007341901;0,03083587,0,0;0,2350471,0,0957232,0,004196084;0,4701474,0,1458304,0,006238484;0,7298207,0,1638482,0,004777412;1,0,1587946,0,0005968305;0,8201226,0,348208,0,004415328;0,5632042,0,4201111,0,007989113;0,3363599,0,5301759,0,007867588;0,1290394,0,6260586,0,003966874;0,09480193,0,6709127,0,001452214;0,09480193,0,6709127,0,001452214;Time
0,1561137,0,6773418,0,05802727;0,3884846,0,7077486,0,04584751;0,6151145,0,7173172,0,03263963;0,8279781,0,7184906,0,01829291;1,0,7017357,0,002381072;0,8130227,0,5803604,0,01489837;0,6009073,0,4743302,0,02634044;0,3827277,0,3519547,0,03473067;0,1653121,0,2243656,0,04087851;0,0,06477106,0,03948088;0,2163918,0,01047819,0,0263872;0,4570477,0,01369135,0,01442081;0,6687615,0,0;0,7472318,0,2140331,0,003390105;0,5720912,0,2146671,0,01924669;0,4576541,0,3416379,0,03320457;0,3344201,0,4980745,0,04514857;0,1989636,0,677011,0,05423479;0,1579329,0,7539928,0,05416883;0,1579329,0,7539928,0,05416883;Time
0,1227472,0,9968348,0,03422237;0,2770189,0,9824677,0,02374576;0,4154369,1,0,012423;0,4101727,0,8339111,0,009015463;0,3207597,0,7618415,0,02023883;0,2582041,0,602927,0,02529497;0,1870027,0,4456667,0,03005894;0,1123344,0,2849183,0,03285224;0,03228008,0,1269634,0,03407405;0,0,0,027429;0,1452543,0,1121212,0,02229318;0,2911848,0,1563524,0,0118001;0,4101605,0,1741193,0;0,4476073,0,3426087,0,001939059;0,399827,0,4545532,0,01126859;0,3467275,0,5880878,0,01909337;0,2649184,0,7180916,0,02678868;0,1603524,0,8479948,0,03346781;0,06723493,0,9466629,0,0372414;0,06723493,0,9466629,0,0372414;Time
0,1247773,0,9166945,0,04067102;0,1884003,0,9552204,0,02804383;0,2193066,1,0,01588786;0,1377372,0,8277647,0,01589108;0,1957072,0,7192675,0,02368117;0,1935678,0,5529978,0,02970008;0,1802293,0,3787795,0,03484779;0,1355896,0,2030264,0,03972872;0,1192477,0,02141062,0,03729989;0,1786659,0,02332786,0,024548;0,225478,0,02027508,0,01194216;0,238693,0,0;0,2460246,0,1844053,0,002875097;0,2548949,0,2828061,0,01256495;0,2380265,0,4392468,0,01937586;0,2002905,0,5947864,0,02640919;0,1319197,0,7444385,0,03381537;0,0342718,0,8843029,0,04142765;0,0,9581045,0,04278857;0,0,9581045,0,04278857;Time
0,08363086,0,8607518,0,04635412;0,2999882,0,9076242,0,03672364;0,5116113,0,9474779,0,02591899;0,6982113,1,0,01325941;0,5401567,0,8449141,0,02048117;0,3951105,0,6921648,0,0292256;0,249175,0,5298162,0,03592056;0,1357171,0,3439049,0,04004538;0,0257205,0,1573092,0,04171094;0,138603,0,0,03249447;0,3452127,0,08384448,0,02372948;0,5481867,0,1466243,0,0128236;0,7329994,0,1950224,0;0,6817328,0,404396,0,002829119;0,5168687,0,4749399,0,01571716;0,3587095,0,6019818,0,02557514;0,1851963,0,7297647,0,03368827;0,0,8522727,0,04012766;0,01768176,0,8690347,0,03834344;0,01768176,0,8690347,0,03834344;Time
0,0,8004588,0,02940419;0,2118025,0,8445455,0,0326938;0,4552281,0,8657548,0,03150469;0,7121709,0,8994373,0,02467787;0,9656781,0,8792683,0,01442683;0,7295208,0,7850271,0,02426256;0,5273075,0,6327488,0,03004222;0,3565607,0,4596238,0,03129497;0,2257015,0,2840022,0,0274522;0,1306836,0,1391848,0,0184746;0,314501,0,0,007341384;0,4045641,0,1246369,0,01765369;0,658369,0,1632151,0,01431368;0,9143346,0,1886827,0,004118337;1,0,4195949,0;0,7714126,0,3837976,0,01352014;0,5492993,0,4957398,0,02294312;0,3353514,0,6275667,0,02656538;0,150488,0,7526254,0,02360645;0,08992942,0,8118231,0,0202486;Time
0,04698853,0,8948178,0;0,04408142,0,9530858,0,01526965;0,1303365,0,9864741,0,02794989;0,3042589,1,0,03546864;0,5399778,0,9360602,0,03483955;0,3158171,0,8563193,0,03428621;0,138872,0,7195802,0,03132491;0,03192032,0,5494486,0,02481574;0,0,3617092,0,01576311;0,05450405,0,1813987,0,004275743;0,2344306,0,0,001895269;0,1652754,0,104026,0,0172666;0,2376474,0,1473744,0,03047619;0,4022869,0,1794207,0,03849898;0,5406385,0,3661339,0,04028353;0,320409,0,4054108,0,03781202;0,1702802,0,5476028,0,03244353;0,08239406,0,6874844,0,02254244;0,08964118,0,8317886,0,00927039;0,1222305,0,8872321,0,002539327;Time
0,0,7552175,0,01058613;0,1965965,0,7415498,0,01532401;0,4118794,0,7506902,0,01784503;0,6458174,0,7580212,0,01751442;0,8954313,0,7328852,0,01165118;0,6768807,0,6282502,0,01376494;0,4983154,0,4792352,0,0137474;0,3418446,0,320803,0,01176426;0,2050116,0,1696316,0,007019076;0,1188954,0,0;0,3012587,0,04512096,0,005745528;0,5156993,0,07133331,0,008321992;0,7512283,0,08314096,0,007869164;1,0,07248756,0,00428907;0,8504937,0,26024,0,007720984;0,6052471,0,3026275,0,01175183;0,4218777,0,4502308,0,01239403;0,2455741,0,5823572,0,01004008;0,09871941,0,7134267,0,004451995;0,1603157,0,6941984,0,005357895;Time
0,0669874,0,9868321,0,04900166;0,3144192,0,9537365,0,04055519;0,551667,0,9948096,0,02950549;0,7854202,1,0,01731806;0,6927527,0,7796349,0,0200747;0,4895608,0,6931931,0,03273892;0,3430223,0,5033283,0,03863472;0,1742422,0,3289503,0,0440467;0,0,1601233,0,04788545;0,05146318,0,0,03629089;0,2400772,0,1449785,0,0352568;0,4795735,0,2058012,0,02562209;0,7097572,0,251985,0,01371075;0,9047421,0,3253995,0;0,7290571,0,4432317,0,01233645;0,5530536,0,5776843,0,02330667;0,3623034,0,7131019,0,03270993;0,1708132,0,8606428,0,03958112;0,03720377,0,9779878,0,04072148;0,03720377,0,9779878,0,04072148;Time
0,07338731,0,9460052,0,01353225;0,3212624,0,9589,0,01134515;0,5752103,0,9746131,0,007399578;0,8322224,1,0;0,9061354,0,7733627,5,015182E-05;0,6517066,0,7266764,0,006807192;0,4612485,0,5640042,0,01254267;0,2847924,0,3893095,0,0174399;0,1262078,0,2025924,0,02036548;0,0,0,02098967;0,2447549,0,06836025,0,0161744;0,4829001,0,1522658,0,01240952;0,736177,0,1934385,0,007366201;0,9932339,0,2235897,0,0006123065;0,8174935,0,395276,0,003298137;0,6017268,0,5203655,0,006607109;0,4049052,0,6671177,0,008895569;0,2018878,0,7944775,0,009336102;0,02483895,0,9378132,0,007359211;0,03943366,0,9081708,0,007311855;Time
0,0,628757,0,01736154;0,193435,0,6332607,0,01959591;0,3931861,0,619804,0,02089102;0,5996733,0,6257545,0,02117251;0,8122433,0,6588597,0,01978502;0,6507779,0,5446873,0,01793642;0,5026758,0,4125078,0,01607226;0,3649347,0,2818762,0,01288066;0,2449907,0,1458852,0,008447904;0,1631145,0,0,002018999;0,3675171,0,02258867,0,002617941;0,5676727,0,05860299,0,003570803;0,7787648,0,07985377,0,003005406;1,0,06135657,0;0,8120722,0,1756923,0,003506631;0,6090541,0,2596142,0,00626896;0,439888,0,393435,0,008333172;0,3006223,0,552668,0,009200957;0,1738177,0,7135112,0,008162045;0,1700062,0,7462352,0,009254434;Time
0,02873572,0,3097098,0,03097191;0,1978999,0,2802631,0,03443448;0,37358,0,3026236,0,03726688;0,5427755,0,3503211,0,04027484;0,717268,0,4018704,0,04253324;0,6258262,0,3096629,0,03490325;0,5354939,0,2249715,0,02690507;0,4521931,0,1337328,0,01872231;0,3752207,0,0477288,0,009999004;0,304983,0,0;0,4725847,0,01598512,0,00390155;0,6316233,0,05277591,0,008314598;0,8114755,0,07121427,0,01081936;1,0,1047002,0,01195124;0,8063659,0,1913605,0,01676031;0,595356,0,2029392,0,01974848;0,3889401,0,2377611,0,02220612;0,1884151,0,291584,0,02430339;0,0,373955,0,02603223;0,01787584,0,3822289,0,0256638;Time
0,0,9032041,0,04381811;0,2387723,0,8840696,0,04057669;0,4820204,0,9094819,0,03553734;0,7276772,0,9255067,0,02824746;0,9615332,0,9408529,0,01737139;0,7724711,0,7942615,0,02050664;0,5966926,0,6332045,0,02619043;0,4431762,0,4546803,0,03002811;0,2970746,0,2760931,0,03134226;0,1529142,0,1068755,0,03044632;0,3293129,0,0,01853247;0,5289804,0,1165281,0,0178028;0,7707725,0,1639779,0,009973094;1,0,2310655,0;0,8373523,0,391673,0,008186677;0,6356626,0,5126814,0,01668244;0,440453,0,6476834,0,0234349;0,2416034,0,779787,0,02783459;0,04323911,0,8887296,0,02971243;0,04323911,0,8887296,0,02971243;Time
0,0,8518122,0,002048202;0,1608127,0,8928322,0,01134676;0,3625924,0,9238155,0,01740476;0,5925315,0,9447257,0,0205017;0,8540187,0,9593539,0,01851813;0,7114506,0,7530597,0,01813389;0,5271841,0,571666,0,0199647;0,3806339,0,3814506,0,01742026;0,2613978,0,197562,0,0116331;0,1869078,0,0,004104404;0,4209833,0,1275051,0,0004505282;0,4999675,0,04552215,0,01349769;0,7479399,0,1161764,0,01252133;1,0,1452418,0,01238178;0,8100528,0,3197115,0,01380041;0,5706379,0,4283056,0,0163239;0,3959366,0,590573,0,01355318;0,2205607,0,7321699,0,008995962;0,07986997,0,8662413,0,0009429602;0,1069972,0,8978911,0;Time
0,0,6582863,0,008090548;0,2112161,0,71105,0,008378385;0,4315813,0,746683,0,007676664;0,6583813,0,7876165,0,00539533;0,8895279,0,8156331,0,002575695;0,7086536,0,6721761,0,00917086;0,5547425,0,5060313,0,01543697;0,4067156,0,3339597,0,01865714;0,2575689,0,1671032,0,02024135;0,1180457,0,0,02008964;0,3411822,0,04346279,0,01821627;0,5368525,0,06887421,0,02115898;0,7691191,0,08436308,0,01777213;1,0,1099738,0,01476728;0,8253991,0,2512765,0,01649681;0,6083177,0,2739072,0,01643082;0,4532297,0,4106258,0,01409729;0,2791792,0,4965454,0,01038404;0,1183778,0,5858579,0,005427213;0,1117248,0,6678293,0;Time
0,5926498,1,0,01436107;0,4410897,0,8784547,0,01191617;0,3047845,0,7463034,0,008741952;0,1650454,0,6296054,0,004693537;0,0,5778306,0;0,1386297,0,5736833,0,007481839;0,28842,0,5394684,0,0138926;0,4469936,0,4918408,0,01929751;0,6113786,0,4340366,0,0238732;0,7766485,0,3681096,0,02806464;0,8322272,0,2020538,0,03443;0,6583457,0,2046426,0,03008915;0,4842793,0,1493875,0,02656967;0,325653,0,06942711,0,02236957;0,1715173,0,0,01730807;0,2457718,0,1945584,0,01756893;0,3122866,0,3949282,0,01566431;0,3994453,0,5887205,0,0135234;0,4997061,0,7775004,0,01048807;0,6408717,0,9747334,0,005987287;Time
0,0,9409199,0,02069785;0,2241456,0,9631484,0,01915847;0,4579396,0,983573,0,0149211;0,6947278,1,0,00872263;0,9256105,0,9756246,0;0,7280081,0,8563,0,007778467;0,5561482,0,707022,0,01458905;0,4035952,0,5409636,0,02047529;0,2470603,0,3770625,0,02510741;0,09211607,0,2133797,0,02826156;0,07160309,0,0,02701394;0,2661801,0,1207022,0,02356754;0,4947444,0,1766996,0,01770258;0,7296612,0,2010542,0,01050878;0,9264631,0,315352,0,00212908;0,7372093,0,4459208,0,006926737;0,5439839,0,5697628,0,01080834;0,3483568,0,6848716,0,01325322;0,1521891,0,7911481,0,01450929;0,005520726,0,8867108,0,01308265;Time
0,3454722,0,9769536,0,02692835;0,5089374,0,8680134,0,0201175;0,668551,0,7582629,0,01267836;0,8146467,0,6403186,0,00468972;0,8734664,0,463836,0;0,7008685,0,4876403,0,01116408;0,5248863,0,4658141,0,02219126;0,3443568,0,4283059,0,03254815;0,1543609,0,3865983,0,0417402;0,0,2663041,0,04868139;0,1853247,0,1938044,0,04130376;0,3578844,0,1052461,0,03330514;0,5118926,0,0,02478637;0,6807154,0,03224592,0,01354111;0,562161,0,1700525,0,02128829;0,5031507,0,3518451,0,02421051;0,4441881,0,5352536,0,02557896;0,3774083,0,7152016,0,02577603;0,3071584,0,8907881,0,02479843;0,2495686,1,0,02392972;Time
0,0,9218445,0,02435509;0,2134728,0,9291821,0,02775408;0,441659,0,9138919,0,02922458;0,6782785,0,8976917,0,02938239;0,9270096,0,8984928,0,02731972;1,0,6998551,0,0184126;0,7501538,0,6769904,0,02084435;0,5777325,0,5285873,0,01880431;0,4262022,0,3789859,0,01463672;0,2761714,0,2468023,0,009091754;0,2068722,0,08275659,0,0003300267;0,4301881,0,06045576,0,002616783;0,6677305,0,0385971,0,002871312;0,9184738,0,0;0,8045217,0,2033733,0,007429805;0,574618,0,3118848,0,0116058;0,4091818,0,4955206,0,01523229;0,2385933,0,6696273,0,01660046;0,0832308,0,8497578,0,01628826;0,09027991,0,8922063,0,0135331;Time
0,0,8969235,0,005789049;0,2320371,0,9048725,0,0084439;0,4787674,0,9158956,0,009032703;0,741756,0,9308186,0,006469452;0,9767739,0,8120428,0,003024744;0,7182443,0,7419733,0,006862828;0,4951995,0,6003875,0,01037022;0,296449,0,4353707,0,01231323;0,1174966,0,258362,0,0126284;0,01614646,0,02830599,0,01306078;0,2348441,0,0,01704073;0,4792891,0,03167811,0,017601;0,7358066,0,06436228,0,01598267;1,0,09125234,0,01272038;0,9099897,0,3188057,0,01069509;0,6750587,0,430061,0,01293386;0,5049495,0,5955374,0,01036712;0,3359209,0,744917,0,006181455;0,1497398,0,8620471,0,001573892;0,08738961,0,8927627,0;Time
0,0,8488739,0,02972949;0,2175181,0,867575,0,02892436;0,4406785,0,913476,0,02587575;0,6716348,0,9441593,0,0207723;0,8963422,1,0,01291505;0,7386233,0,8396926,0,01633652;0,5828257,0,6792639,0,01926505;0,4374226,0,513198,0,02116064;0,3115549,0,3399884,0,02106269;0,2058394,0,1627038,0,01913424;0,3421826,0,0,0116944;0,5265553,0,1169494,0,01107128;0,7480674,0,1876185,0,006382713;0,971066,0,2583028,0;0,9591446,0,4736368,0,00113217;0,7382188,0,5364494,0,009302719;0,524078,0,6203392,0,01606256;0,3084507,0,7012816,0,02146746;0,1100634,0,8078161,0,02441496;0,02508658,0,8446725,0,02461561;Time
0,2917804,0,9886056,0,01856519;0,4262761,0,8606548,0,02268171;0,5835263,0,7444685,0,02522656;0,7637116,0,6415957,0,02568281;0,6180194,0,5005852,0,02426617;0,4205788,0,5267692,0,02257884;0,2594043,0,4419649,0,01858105;0,1198998,0,3479479,0,012975;0,0,2598303,0,005595293;0,04558637,0,0641712,0;0,1828791,0,09971858,0,007541341;0,3659905,0,05318123,0,01074334;0,5670887,0,0,01128915;0,757739,0,08313898,0,01184908;0,5807465,0,2148937,0,01520236;0,4553044,0,3901004,0,01782533;0,3519626,0,575458,0,0186257;0,2671928,0,7644991,0,01740202;0,2117697,0,9560445,0,01385282;0,220393,1,0,01204124;Time
