1,0,2518564,0,0556732;0,9072635,0,1627724,0,04752854;0,7975599,0,09301282,0,03964075;0,6733672,0,04868235,0,03220737;0,5418264,0,01423859,0,02639083;0,4057006,0,0,02091644;0,2687891,0,01706214,0,01600223;0,1389234,0,06538182,0,011462;0,04233585,0,164508,0,007024855;0,0,2959279,0,002791701;0,02774324,0,4324336,0;0,1110852,0,5461265,9,714019E-06;0,2277312,0,622388,0,003814911;0,3612752,0,6358754,0,0106946;0,4590716,0,5454616,0,01776478;0,4336424,0,4073585,0,01886031;0,3266242,0,3174887,0,01580741;0,2142092,0,3494025,0,01005455;0,2142092,0,3494025,0,01005455;0,2142092,0,3494025,0,01005455;Air
1,0,4409433,0,03767015;0,9312783,0,3213725,0,03183423;0,8472471,0,2116339,0,0259276;0,7317138,0,1414636,0,01841746;0,6053798,0,08415125,0,01217169;0,4761227,0,02581884,0,007537459;0,3350706,0,0,003954367;0,1932213,0,02672747,0,001388663;0,07118182,0,1045097,0,0001842978;0,003951688,0,2324896,0;0,0,3767391,0,0008550562;0,05743235,0,5087477,0,002769289;0,15277,0,6155376,0,006003609;0,2772011,0,6811562,0,01131235;0,4149101,0,6520029,0,01687236;0,4843347,0,5265689,0,01991113;0,3910457,0,420139,0,01561817;0,234264,0,4022321,0,01124538;0,234264,0,4022321,0,01124538;0,234264,0,4022321,0,01124538;Air
1,0,3148707,0,06063975;0,9117082,0,2087831,0,0605843;0,7951918,0,1372346,0,05709537;0,6722217,0,07714989,0,05357438;0,5427195,0,0331127,0,04982398;0,4091727,0,009132738,0,04510485;0,2755303,0,0,03929252;0,1485766,0,0189613,0,03119863;0,04366319,0,07995059,0,02127711;0,0,1903871,0,01124795;0,02397126,0,3151316,0,003881413;0,08662184,0,4348836,0;0,1796453,0,5382227,0,0003952084;0,2942742,0,6052483,0,006854446;0,4069287,0,6109802,0,01869058;0,4746327,0,534761,0,03197437;0,4597159,0,4100947,0,0398046;0,3673361,0,3075819,0,03758828;0,2432526,0,2753999,0,02946069;0,1956319,0,264745,0,02660508;Air
1,0,2600087,0,06374814;0,9150512,0,1932905,0,05502725;0,8188109,0,1333672,0,04760082;0,7120456,0,09220847,0,04032276;0,6002876,0,056777,0,03390544;0,485396,0,02537099,0,02814005;0,3684445,0,0,02251204;0,2483028,0,004100806,0,01699354;0,1363502,0,04848747,0,01155393;0,04847492,0,1312383,0,006395341;0,0,243034,0,002194842;0,00356073,0,3668243,0;0,05214868,0,4816594,0,001016567;0,1467812,0,5576091,0,005721032;0,2586271,0,5779122,0,01364986;0,3523239,0,5093226,0,02073756;0,3387404,0,3857521,0,02018022;0,2466261,0,3162456,0,0131247;0,1865835,0,3371641,0,01051695;0,1865835,0,3371641,0,01051695;Air
1,0,562835,0,03293836;0,996309,0,4219033,0,03274461;0,9547335,0,2905828,0,02829481;0,8899856,0,1686141,0,02380548;0,7889913,0,07800853,0,01763136;0,6628029,0,02126468,0,01261197;0,5238619,0,0,009218412;0,3831064,0,01434925,0,007332091;0,2472551,0,05415185,0,006625126;0,1243222,0,1243429,0,005552042;0,03267981,0,2321282,0,004653269;0,0,3693378,0,003007356;0,03954339,0,5039243,0,0008948845;0,129558,0,6124768,0;0,2562545,0,6745083,0,002822029;0,3893998,0,6600761,0,01021309;0,3833138,0,5417569,0,02066075;0,2683643,0,5098132,0,02998284;0,2821329,0,5195177,0,02892661;0,2821329,0,5195177,0,02892661;Air
1,0,3831486,0,08175912;0,921607,0,2813714,0,07391322;0,8280544,0,1918338,0,0662184;0,7224813,0,1086553,0,06029735;0,6039468,0,05048301,0,05316523;0,476912,0,01321286,0,04601435;0,3466895,0,0,03818721;0,2191436,0,01483506,0,02948763;0,1039833,0,06646984,0,02018428;0,03048934,0,1680685,0,01096103;0,0,2953305,0,003697613;0,01436462,0,4325366,0;0,05236477,0,5680474,5,931186E-05;0,1340833,0,6735556,0,006646477;0,241157,0,6925922,0,0195643;0,3101006,0,6046525,0,03174756;0,2752881,0,469393,0,03321819;0,1732596,0,3938957,0,02433155;0,1196214,0,4298356,0,01917547;0,1196214,0,4298356,0,01917547;Air
1,0,3310747,0,04594818;0,9754372,0,2061344,0,0372744;0,9021814,0,1129022,0,02608498;0,7956677,0,0523513,0,01536524;0,6740794,0,0,007089051;0,5342987,0,002054406,0,001646678;0,391139,0,01045224,0;0,2517458,0,039286,0,001147719;0,1288959,0,1071084,0,003929163;0,04183599,0,2159289,0,0074506;0,0003153693,0,3498437,0,01071692;0,0,4912733,0,01330352;0,05978501,0,6210523,0,01421527;0,1677855,0,7146538,0,01415895;0,3092692,0,7238987,0,01265307;0,4410575,0,6686099,0,01256465;0,4633406,0,5275587,0,0120167;0,3571963,0,4316234,0,01108748;0,2873465,0,4417423,0,011101;0,2873465,0,4417423,0,011101;Air
1,0,2139507,0,02016856;0,9440436,0,1303943,0,01759401;0,8624201,0,07299963,0,01414755;0,7686933,0,03654245,0,0110301;0,6695603,0,01624172,0,008271866;0,5686365,0,002399022,0,006148205;0,4664848,0,0,004400813;0,3644013,0,007765555,0,003020451;0,2631761,0,02364913,0,00219259;0,166209,0,05678065,0,00152355;0,07579091,0,1048805,0,001115659;0,01259771,0,1854524,0,0005407748;0,0,2869503,0;0,052625,0,3746738,0,0006445241;0,1545721,0,3821552,0,002660172;0,220693,0,3056252,0,005530684;0,1707058,0,2166056,0,004480046;0,06873596,0,2264973,0,003119937;0,05077741,0,2333134,0,003364387;0,05077741,0,2333134,0,003364387;Air
1,0,06750984,0,2409658;0,9806119,0,18093,0,2171908;0,9299303,0,2951378,0,1941296;0,8349137,0,3398213,0,1690444;0,7358376,0,2467283,0,1470908;0,6364586,0,1370039,0,1266292;0,5242351,0,04648591,0,1054927;0,3988943,0,0,08291143;0,2702969,0,01193578,0,05971013;0,1520297,0,08180854,0,03739303;0,06046652,0,2157982,0,01857013;0,0130415,0,4012118,0,006169532;0,0,6071342,0;0,05513481,0,808149,0,004175818;0,1862012,0,9004998,0,02326946;0,3023781,0,8329143,0,04598512;0,3493184,0,644017,0,05730555;0,2438201,0,5654196,0,03465901;0,1591639,0,6817025,0,02564658;0,1591639,0,6817025,0,02564658;Air
1,0,3354623,0,001623473;0,8769004,0,3162013,0,0006476831;0,7610794,0,2713104,0,001069615;0,6603798,0,2020908,0,003527854;0,5582517,0,1341722,0,005601692;0,4571699,0,06564402,0,008030361;0,3483,0,009908017,0,01022646;0,2246272,0,0,01062166;0,1093248,0,04695617,0,009299001;0,0305338,0,1422424,0,00669917;0,0,2608656,0,003501128;0,01240094,0,3829826,0,0008472764;0,05809246,0,4984033,0;0,1550163,0,5762753,0,001852635;0,27747,0,5620912,0,005449864;0,3069119,0,4437954,0,009099408;0,1823839,0,4411478,0,007685195;0,146928,0,5600076,0,00847447;0,1425062,0,6127412,0,009103957;0,1425062,0,6127412,0,009103957;Air
1,0,3963842,0,03134851;0,8907706,0,3253314,0,02584739;0,780328,0,2526278,0,0213463;0,6723515,0,1734802,0,01809199;0,5657773,0,09072286,0,01621747;0,446325,0,02803329,0,01396195;0,3143528,0,0,01142613;0,1846478,0,03562088,0,008214705;0,08108672,0,1212721,0,005079729;0,01018308,0,2356328,0,002413384;0,0,3700116,0,0006165535;0,04090136,0,4988315,0;0,140256,0,5906681,0,001412106;0,2745552,0,5977685,0,004791963;0,3690371,0,5028491,0,008373816;0,3070834,0,3831084,0,006596252;0,2226852,0,4880319,0,003900074;0,2405056,0,5237821,0,005358794;0,2405056,0,5237821,0,005358794;0,2405056,0,5237821,0,005358794;Air
1,0,08767001,0,01159155;0,9121455,0,1401744,0,008396327;0,812833,0,1687628,0,00599945;0,713324,0,1391149,0,004467129;0,6183328,0,09752686,0,002666959;0,5241689,0,05370078,0,001072141;0,4261242,0,01868397,6,956638E-05;0,3236868,0,0006309336,0;0,220428,0,0,0009527246;0,1219369,0,02563614,0,003007351;0,04209994,0,08659861,0,005814931;0,0,1781137,0,008671245;0,00386298,0,2797476,0,01127682;0,06673611,0,3617868,0,01297357;0,1702211,0,3717092,0,01430277;0,2564745,0,3149073,0,01362571;0,2441653,0,214565,0,01059753;0,2001667,0,1863397,0,008761644;0,2001667,0,1863397,0,008761644;0,2001667,0,1863397,0,008761644;Air
1,0,207447,0,05163834;0,8921047,0,1047581,0,04820826;0,7621223,0,03568755,0,04308075;0,6191618,0,004197051,0,03726933;0,4719369,0,0,03184691;0,3237701,0,01160708,0,02723194;0,1849478,0,06140816,0,02184002;0,06758177,0,1498743,0,01626568;0,00883147,0,2817323,0,009872848;0,0,4263077,0,004080875;0,05623544,0,5632123,0,0004710118;0,1594122,0,6732524,0;0,3039035,0,7080652,0,004953509;0,4014871,0,6010531,0,01159919;0,3721666,0,4538114,0,013376;0,2273557,0,4265096,0,007692316;0,2263296,0,4956137,0,00780744;0,2263296,0,4956137,0,00780744;0,2263296,0,4956137,0,00780744;0,2263296,0,4956137,0,00780744;Air
1,0,3541276,0,03163636;0,9251902,0,2623954,0,02430737;0,8389271,0,1762381,0,01802941;0,7375764,0,1035807,0,01273058;0,6221402,0,05252424,0,008009099;0,4985675,0,01975216,0,004205009;0,37093,0,0,001619109;0,2415,0,008355327,8,82108E-05;0,1221755,0,05869194,0;0,03318843,0,1524918,0,000375778;0,0,277617,0,0004525214;0,02755,0,4040902,0,0007793424;0,1040887,0,5084965,0,001836108;0,226857,0,5491087,0,004135322;0,3288428,0,4697754,0,00651525;0,2478159,0,3700478,0,003868926;0,1291406,0,4223533,0,002801575;0,1823917,0,4926115,0,005144013;0,1823917,0,4926115,0,005144013;0,1823917,0,4926115,0,005144013;Air
1,0,2574719,0,03562885;0,8894768,0,2074824,0,02657874;0,7719439,0,1689047,0,01801993;0,6492554,0,1260443,0,01145207;0,5259759,0,07371828,0,006765054;0,3983324,0,0266238,0,003657656;0,2639882,0,0,001817477;0,1281206,0,0173914,0,001375983;0,02486731,0,107406,0,0007894709;0,0,2419725,0,0004980782;0,02785443,0,3758613,0,001134737;0,08673472,0,498192,0,003729149;0,1833199,0,5912859,0,008028545;0,312373,0,6314248,0,01196675;0,4236009,0,5526106,0,01157608;0,3971289,0,424349,0,006383194;0,299389,0,3333207,0,001686012;0,1799099,0,3743705,0;0,1799099,0,3743705,0;0,1799099,0,3743705,0;Air
1,0,3713237,0,01944591;0,926455,0,2495532,0,01327676;0,8184173,0,1499593,0,009478838;0,6927318,0,07185498,0,006391415;0,5545235,0,01794551,0,003463568;0,4066372,0,0,001404652;0,2621552,0,03697917,0,0001572967;0,1344758,0,1136366,0;0,04355068,0,2309451,0,0008510742;0,0,3727036,0,002055876;0,006285791,0,520675,0,003841992;0,05098542,0,6615217,0,006319986;0,1514243,0,7695777,0,009644494;0,2964656,0,8032621,0,01088805;0,4163455,0,717796,0,009147148;0,4506316,0,5753322,0,006280092;0,3641382,0,4561636,0,002816524;0,3442534,0,4889968,0,005978036;0,3442534,0,4889968,0,005978036;0,3442534,0,4889968,0,005978036;Air
1,0,3310323,0,02943575;0,8820099,0,2719882,0,01710132;0,7443829,0,2292592,0,007533377;0,6094821,0,152155,0,002918915;0,4785479,0,06458757,0,0006447544;0,3345294,0,0;0,1813021,0,03558063,0,000597011;0,07218446,0,1476768,0,002359573;0,01072254,0,2905599,0,005134382;0,0,4448245,0,008889025;0,02604948,0,5961595,0,0135578;0,09537459,0,7336954,0,01825724;0,2234775,0,8235826,0,02144991;0,3806013,0,8179761,0,02156379;0,4740206,0,6956199,0,01818584;0,4603967,0,5421683,0,01406633;0,3462121,0,4355316,0,01057713;0,3134347,0,456381,0,01277157;0,3134347,0,456381,0,01277157;0,3134347,0,456381,0,01277157;Air
1,0,6483989,0,01207056;0,9615072,0,5032197,0,009715907;0,9058854,0,3630784,0,01065285;0,8232174,0,2389102,0,01328561;0,7162753,0,1356711,0,01608812;0,5948128,0,0528752,0,01978568;0,456303,0,002526635,0,02307184;0,3064644,0,0,02427059;0,1632441,0,0468706,0,02416446;0,05068101,0,1463198,0,02135556;0,0,2834485,0,01594267;0,01135451,0,4247661,0,009053241;0,06150872,0,5602582,0,003469327;0,1645023,0,6665047,0;0,3151542,0,6812195,1,630293E-05;0,4056527,0,5615215,0,003602948;0,3480311,0,4274155,0,00850054;0,2965829,0,4009472,0,01084784;0,2965829,0,4009472,0,01084784;0,2965829,0,4009472,0,01084784;Air
1,0,4389603,0,02678662;0,9808078,0,3130596,0,02187856;0,9165341,0,2042388,0,01609095;0,8199836,0,1168539,0,01192142;0,7017258,0,05866236,0,008634894;0,5742261,0,02260225,0,005839568;0,4428709,0,0,004505658;0,3101373,0,0003477921,0,005111644;0,1834858,0,03329898,0,007408079;0,07938992,0,1135881,0,009293102;0,01532406,0,2294241,0,01037677;0,0,361407,0,01062145;0,04447922,0,4859293,0,008987988;0,1376366,0,5799773,0,007837253;0,2668032,0,6081104,0,006677238;0,3779059,0,5401636,0,003932543;0,3510495,0,4130074,0;0,2982233,0,3796067,8,853855E-05;0,2982233,0,3796067,8,853855E-05;0,2982233,0,3796067,8,853855E-05;Air
1,0,2207478,0,03320335;0,8991827,0,1724329,0,02358463;0,7937431,0,1220484,0,01508771;0,6828683,0,06889582,0,008368118;0,5606617,0,03312536,0,003400852;0,4331298,0,006485346,0,0005376994;0,3022585,0,0;0,1773145,0,03355156,0,001727888;0,07132563,0,1050486,0,004536942;0,00420493,0,2139549,0,007470122;0,0,3433938,0,009543203;0,04746694,0,4647875,0,01081385;0,1418032,0,5551079,0,01178105;0,265306,0,5978646,0,01254284;0,3930401,0,5699855,0,01350015;0,4460785,0,4573531,0,008843754;0,3423788,0,387561,0,002899952;0,3415089,0,4127905,0,003838317;0,3415089,0,4127905,0,003838317;0,3415089,0,4127905,0,003838317;Air
1,0,2814116,0,009212584;0,8921969,0,2030679,0,003619218;0,775668,0,1307777,0,0004722337;0,6529368,0,06724805,0;0,5230812,0,02213673,0,000913171;0,3892742,0,0,003353355;0,2560672,0,0120872,0,006812373;0,1341243,0,06895355,0,009826737;0,044209,0,1726615,0,01074796;0,004511629,0,3044507,0,009274867;0,0,4415694,0,007290184;0,03635084,0,573433,0,005118653;0,1154531,0,6855444,0,003725812;0,2334892,0,7569769,0,003751531;0,3680349,0,7269225,0,003579246;0,4246979,0,601301,0,003174873;0,3572665,0,4811082,0,001707044;0,2276588,0,4344599,0,002167813;0,2070094,0,4377073,0,00395914;0,2070094,0,4377073,0,00395914;Air
1,0,3782875,0,0473074;0,9397638,0,2963082,0,03654353;0,8567979,0,2253231,0,02699654;0,7662064,0,1562457,0,01842694;0,6630673,0,09978142,0,01067325;0,5496209,0,0501905,0,005006854;0,4259161,0,01888685,0,001420942;0,2981615,0,0;0,1694911,0,006704422,0,0001260486;0,05493266,0,06428614,0,001122514;0,0,1808995,0,001072094;0,006884297,0,3095317,0,0003420346;0,0636484,0,425262,0,0002701528;0,1571778,0,5138422,0,00189141;0,281891,0,5441157,0,00482732;0,3930209,0,4794316,0,007375886;0,3686724,0,3561356,0,003611803;0,2746251,0,3749843,0,001443767;0,2746251,0,3749843,0,001443767;0,2746251,0,3749843,0,001443767;Air
0,6748849,1,0,02637316;0,663254,0,86027,0,02021939;0,6529101,0,7172245,0,01542713;0,6350453,0,5732149,0,01144952;0,6052,0,4293591,0,008689098;0,5668805,0,286107,0,008340527;0,4925082,0,1583734,0,009474954;0,3915374,0,05152881,0,01136544;0,2538253,0,0,01296959;0,1145085,0,05115806,0,01159882;0,02321418,0,1665669,0,008269688;0,0,3095012,0,003665449;0,01513715,0,4554757,0,0006835684;0,06474336,0,5952798,0;0,1507518,0,7145286,0,0034526;0,2867002,0,7491142,0,01117709;0,2814249,0,6019269,0,0135757;0,2045369,0,4755173,0,01417453;0,1496714,0,5069621,0,01693661;0,1496714,0,5069621,0,01693661;Air
1,0,3584044,0,05626899;0,9234385,0,3584577,0,04289764;0,829482,0,3345182,0,03222894;0,73131,0,2808197,0,02488775;0,633415,0,2149435,0,01975791;0,53932,0,1381262,0,01680645;0,4383287,0,06903645,0,01478096;0,3286773,0,01389363,0,01342531;0,206699,0,0,01175722;0,08975698,0,03655937,0,009502239;0,009971222,0,128139,0,006359252;0,0,2478523,0,002836216;0,04899275,0,3585376,0,000350405;0,1443456,0,4359038,1,965199E-05;0,2661693,0,4410733,0,003328515;0,294692,0,3238489,0,006735304;0,1951236,0,3813579,0;0,2653752,0,3412705,0,004438353;0,2653752,0,3412705,0,004438353;0,2653752,0,3412705,0,004438353;Air
1,0,4257512,0,03613421;0,8977902,0,3958202,0,02984061;0,8010089,0,3456043,0,02449583;0,707193,0,2890205,0,01932716;0,6208377,0,218254,0,01517929;0,5308437,0,1500038,0,01172699;0,4404657,0,08091488,0,008839913;0,3440034,0,01962325,0,006317599;0,231031,0,0,003937793;0,1182593,0,02310251,0,00226388;0,03085847,0,09805126,0,0009643272;0,0,208909,0,000316766;0,02237594,0,3217457,0;0,09624961,0,4100266,0,0002248374;0,199062,0,4615953,0,00191241;0,3007402,0,4128738,0,006021138;0,1889727,0,3856069,0,004435462;0,180821,0,3661017,0,005803685;0,180821,0,3661017,0,005803685;0,180821,0,3661017,0,005803685;Air
1,0,2678752,0,03957949;0,9135267,0,3135237,0,03074593;0,810461,0,3256946,0,0232344;0,7043453,0,2940502,0,01807634;0,6075142,0,2398124,0,01302385;0,5141456,0,1764241,0,008868959;0,4241501,0,1046503,0,006387265;0,3286107,0,03895697,0,005824048;0,2195739,0,0,00590881;0,1049931,0,01566824,0,006232333;0,02141094,0,09605115,0,00547258;0,0,2092559,0,003567454;0,02056145,0,3224556,0,001775034;0,08230542,0,4197388,0,0004306405;0,1816651,0,4791728,4,936686E-05;0,2975325,0,4844833,0,001879977;0,3056597,0,3692468,0,0007656521;0,2263548,0,3648106,0;0,2263548,0,3648106,0;0,2263548,0,3648106,0;Air
0,8415291,0,8457739,0;0,636912,0,7648008,0,01844359;0,4749659,0,6304331,0,03901732;0,3477597,0,4707583,0,06089193;0,2443341,0,3090853,0,08477876;0,1654214,0,1676182,0,1125396;0,1058334,0,05838401,0,1437911;0,06601713,0,0,178196;0,04138017,0,03225766,0,2136558;0,02605188,0,1608291,0,2448624;0,01023954,0,3832816,0,2632501;0,0,6429812,0,2642586;0,009470026,0,8753382,0,2478683;0,04697778,1,0,216768;0,1169294,0,930247,0,1841279;0,1265111,0,6692193,0,1821987;0,04918704,0,6125233,0,2150777;0,06275289,0,6616358,0,2095414;0,06275289,0,6616358,0,2095414;0,06275289,0,6616358,0,2095414;Air
0,6419384,0,9269959,0;0,5243006,0,9267913,0,03640364;0,431664,0,8391769,0,07251503;0,3337847,0,6914684,0,1045124;0,2391328,0,5315427,0,1355631;0,1720327,0,3671143,0,1676982;0,147,0,2007022,0,2011223;0,1410488,0,07660941,0,2381547;0,1592172,0,0,2777219;0,1666955,0,06880048,0,317477;0,1381835,0,3056819,0,3408458;0,09907584,0,5956201,0,342918;0,05174993,0,8467182,0,3220703;0,01689311,0,9962215,0,2866752;0,01802667,1,0,2458525;0,00771447,0,7092117,0,2393867;0,0,8240314,0,2767674;0,005352898,0,7748162,0,2611151;0,005352898,0,7748162,0,2611151;0,005352898,0,7748162,0,2611151;Air
0,4522283,0,6174529,0;0,3450043,0,7377564,0,02010988;0,2599534,0,7732678,0,04710572;0,185165,0,6636196,0,07119338;0,1187417,0,516601,0,09189735;0,07407939,0,342743,0,109777;0,04272669,0,1724878,0,1288077;0,02789356,0,0460996,0,1537961;0,02775941,0,0,183736;0,03625876,0,05045946,0,213546;0,04905089,0,1953699,0,2364988;0,06645203,0,3898774,0,2504114;0,07622579,0,6089056,0,2508366;0,08178342,0,8158028,0,2403454;0,07503761,0,957235,0,2165554;0,06132559,1,0,1863645;0,0421326,0,8344017,0,166481;0,005615124,0,6374891,0,1794259;0,0,591974,0,2006239;0,0,591974,0,2006239;Air
1,0,7779099,0;0,8680089,0,7011989,0,009547777;0,7344748,0,6335087,0,0197268;0,626604,0,5409142,0,03170473;0,563458,0,416772,0,04458527;0,5233868,0,2904547,0,05881525;0,4938962,0,1668268,0,07394521;0,4528555,0,06376144,0,09107114;0,3929469,0,0,1103116;0,3015158,0,007933296,0,1289119;0,1937124,0,08796601,0,1420126;0,09519112,0,2203956,0,14617;0,02228236,0,3720219,0,1429553;0,0,516246,0,1309595;0,0306119,0,6223465,0,1136691;0,1405315,0,6199858,0,0971539;0,1959802,0,4592628,0,0970991;0,09433119,0,3945656,0,1111705;0,09433119,0,3945656,0,1111705;0,09433119,0,3945656,0,1111705;Air
1,0,6681269,0,03263404;0,9511697,0,5545773,0,02098172;0,8912693,0,4296798,0,01294922;0,8110474,0,3072459,0,008091678;0,7123456,0,194563,0,007149553;0,5976513,0,09834374,0,007092437;0,4648776,0,03248448,0,008960789;0,323295,0,0,01267571;0,1815287,0,02242258,0,01718937;0,05768162,0,1038081,0,01883603;0,0,2387251,0,01453552;0,008059882,0,3804019,0,00827127;0,08547902,0,5003721,0,002885847;0,2127602,0,5740228,0;0,3628878,0,5769858,0,0006335792;0,4780014,0,4826366,0,004249868;0,4677699,0,3352129,0,007419531;0,3392452,0,2583402,0,00515843;0,3005332,0,2695185,0,001216814;0,3005332,0,2695185,0,001216814;Air
1,0,4958766,0,01044235;0,9416999,0,3713065,0,007893124;0,839753,0,2777897,0,00597771;0,7276874,0,1970854,0,003296131;0,6093986,0,1248068,0,003286358;0,4894658,0,05770588,0,004865318;0,3614961,0,01057889,0,007188385;0,2292242,0,0,0114425;0,1028359,0,0421324,0,01544644;0,01385352,0,1478766,0,01556343;0,0,2811269,0,01083772;0,02119799,0,4130771,0,006161992;0,0982568,0,5212382,0,001485981;0,2158397,0,5927261,0;0,3535753,0,6105825,0,002065631;0,4756837,0,547739,0,005980222;0,4838547,0,4095612,0,006839367;0,3834803,0,3139089,0,005519798;0,3606517,0,3347808,0,002704475;0,3606517,0,3347808,0,002704475;Air
1,0,5343016,0,005772586;0,9524718,0,4182457,0;0,8780254,0,310076,0,001257816;0,773783,0,2298859,0,001988954;0,6639041,0,157896,0,00286468;0,5589541,0,08312365,0,005790971;0,4506294,0,02523283,0,01130394;0,3325185,0,0,01734385;0,2113667,0,005203178,0,02313109;0,1043617,0,07426752,0,02650307;0,01906375,0,1733306,0,0271639;0,0,3003057,0,02342374;0,03625927,0,4210083,0,01882053;0,1312759,0,5049905,0,01501479;0,2594911,0,5233905,0,01297714;0,385862,0,4863362,0,01353214;0,4540956,0,3751813,0,01647036;0,3584509,0,284871,0,01568705;0,2738843,0,2681962,0,01761414;0,2738843,0,2681962,0,01761414;Air
1,0,5002896,0,03777593;0,9690816,0,377039,0,03156154;0,8992019,0,2803731,0,02257319;0,8004453,0,2101443,0,01373143;0,6889508,0,138564,0,008866663;0,5695326,0,07528949,0,00574278;0,4424248,0,02642054,0,003849144;0,3086955,0,0,003553135;0,1737832,0,01132074,0,004679663;0,05622579,0,07680111,0,006563287;0,0,2001339,0,007693923;9,858409E-05,0,3362046,0,007697774;0,04844997,0,4632384,0,007042601;0,1310593,0,5713194,0,006825664;0,2462836,0,6439841,0,007803547;0,3816642,0,6425136,0,006776372;0,50107,0,5774111,0,006576123;0,5082338,0,443538,0,003704605;0,3795898,0,4029296,0;0,4041373,0,416871,0,0006197448;Air
1,0,4960203,0,08539232;0,9360346,0,3482618,0,07989818;0,8604737,0,2143657,0,07101409;0,7429907,0,1092451,0,06320234;0,6075606,0,03283206,0,05431649;0,4587966,0,0,04420702;0,3097371,0,006078959,0,03311044;0,1635353,0,05145526,0,02309294;0,0469841,0,1537863,0,01393509;0,0,3030048,0,005760807;0,04028588,0,4596715,0,0003586301;0,1412534,0,5933233,0;0,2708034,0,6948874,0,00530311;0,41371,0,7310714,0,01701434;0,521978,0,6647426,0,03238394;0,5535829,0,5336303,0,04575836;0,4477806,0,4092048,0,04063386;0,388025,0,4121193,0,036222;0,388025,0,4121193,0,036222;0,388025,0,4121193,0,036222;Air
0,9862304,0,7278681,0,04454358;1,0,5890714,0,03247507;0,9726654,0,4462447,0,02134061;0,9026164,0,3076916,0,01252872;0,7916025,0,1885091,0,00641532;0,6556693,0,09033345,0,004145505;0,5043955,0,01926173,0,00532026;0,3395958,0,0,007561787;0,1794614,0,04602188,0,009077353;0,05865124,0,1625802,0,007722537;0,0,3191503,0,00516903;0,0104882,0,4859084,0,002968847;0,09101235,0,6330217,0,002309526;0,2508508,0,682264,0,00122453;0,3685667,0,5634689,0;0,3693283,0,3957185,0,001386912;0,2256225,0,3130576,0,003971699;0,2479611,0,3886945,0,004026371;0,2479611,0,3886945,0,004026371;0,2479611,0,3886945,0,004026371;Air
1,0,4126943,0,03425548;0,9521701,0,2896525,0,0267298;0,8854383,0,17406,0,01945844;0,7784696,0,08810873,0,01324298;0,6514186,0,02839472,0,00839541;0,5123336,0,0,004441544;0,3698685,0,01324448,0,00148064;0,2347988,0,06248876,0;0,1155925,0,1421054,0,0004082715;0,0339622,0,2594599,0,001488131;0,0,3980055,0,003149309;0,02461315,0,5382652,0,005453608;0,09721207,0,6606657,0,008244462;0,2351944,0,7002373,0,008924665;0,3494864,0,6157423,0,007303191;0,3809495,0,47782,0,004612344;0,2705829,0,38735,0,001717737;0,3274322,0,4018231,0,004258384;0,3274322,0,4018231,0,004258384;0,3274322,0,4018231,0,004258384;Air
1,0,3708127,0,02465324;0,8960934,0,3592882,0,01550842;0,7923344,0,3204796,0,007918967;0,6933955,0,2541302,0,003596962;0,6028216,0,1730777,0,001116411;0,511358,0,09176342,0;0,4076323,0,02729825,0,0005219238;0,2893605,0,0,001828964;0,172402,0,02988675,0,003631162;0,07400076,0,09941949,0,005628152;0,01133422,0,2024029,0,007712576;0,0,3232918,0,009257827;0,03944614,0,4388371,0,009830605;0,1273696,0,5235535,0,009753283;0,246555,0,5164256,0,007190058;0,3436905,0,4462933,0,00477077;0,3463837,0,3263466,0,001819447;0,2293348,0,2902265,0,001294549;0,2397554,0,3209412,0,001387931;0,2397554,0,3209412,0,001387931;Air
1,0,4196722,0,03263576;0,88457,0,4406347,0,02884749;0,7719545,0,4389897,0,02267556;0,6653261,0,4000983,0,01686014;0,570143,0,3317578,0,01291197;0,4974017,0,2374238,0,01074996;0,4262787,0,1414182,0,009006871;0,3415741,0,05654805,0,00848648;0,2361207,0,0,008840973;0,1164127,0,005330086,0,008828289;0,03401001,0,09249142,0,007824559;0,0,207115,0,006241689;0,01193128,0,3257121,0,004480904;0,04284898,0,4414892,0,003967523;0,1134059,0,5384829,0,00406833;0,2295782,0,5673711,0,003648412;0,2839045,0,4611593,0,002491802;0,2121246,0,3657892,0,0003187771;0,2015018,0,3903994,0;0,2015018,0,3903994,0;Air
1,0,01290831,0,03111679;0,9697023,0,1156826,0,02880134;0,9118332,0,2043544,0,02526664;0,8223696,0,2564242,0,02025162;0,7255872,0,2761633,0,01345935;0,6252868,0,2704538,0,007119417;0,5273916,0,2325764,0,002521689;0,4505923,0,1557428,0,0008581285;0,3741141,0,07807471,0;0,2820953,0,0208262,0,0009857243;0,1776091,0,0,003301708;0,07537407,0,02600065,0,00613824;0,009835307,0,111317,0,007775586;0,0,2194455,0,008476426;0,04752876,0,3169554,0,007660829;0,1467849,0,3594724,0,006500163;0,2359703,0,2981921,0,005584255;0,1775234,0,2302909,0,006736897;0,1775234,0,2302909,0,006736897;0,1775234,0,2302909,0,006736897;Air
1,0,3830728,0,004611951;0,880008,0,300823,0,001067594;0,759966,0,2161085,0;0,6435032,0,1303366,0,002556688;0,5257115,0,05434503,0,007498607;0,4054481,0,007987084,0,01597015;0,2816411,0,0,02548607;0,1648425,0,04805824,0,03453002;0,07029062,0,1496757,0,03994837;0,01149483,0,2826913,0,04120215;0,0,4248157,0,03685141;0,03033377,0,5540093,0,02879913;0,1090901,0,6467466,0,01843888;0,2282391,0,6789164,0,00874257;0,357597,0,6253358,0,003884148;0,4394039,0,5036221,0,005471474;0,380901,0,3868735,0,01403098;0,2506073,0,4053123,0,0216814;0,2278605,0,4208436,0,0228557;0,2278605,0,4208436,0,0228557;Air
1,0,3620051,0,01152781;0,9365366,0,2590457,0,01062881;0,850967,0,1748074,0,008011227;0,7561756,0,1008029,0,005389132;0,6493853,0,04488095,0,002845341;0,532578,0,01314926,0,0007499232;0,4118554,0,0;0,2912232,0,008993055,0,0004811254;0,1751086,0,04074884,0,001638386;0,07226971,0,1023449,0,003262843;0,006222254,0,202678,0,004809748;0,0,3229488,0,006376606;0,06030708,0,4280104,0,006947331;0,1642784,0,4903654,0,007441256;0,2836396,0,4684761,0,00849273;0,3491209,0,3665107,0,00920877;0,341447,0,2457218,0,008938467;0,244222,0,1736027,0,009001337;0,2154418,0,164194,0,009993329;0,2154418,0,164194,0,009993329;Air
1,0,2989427,0,02048915;0,9145885,0,2085098,0,01636889;0,8195202,0,1280714,0,01211447;0,7106853,0,06807066,0,007438294;0,592208,0,02651051,0,003345469;0,4676047,0,0,0008468434;0,3397551,0,003940882,0;0,2164784,0,0354197,0,0006584215;0,1089217,0,1029839,0,001587568;0,02672757,0,1990411,0,003199253;0,0,323326,0,004285468;0,02193291,0,4489229,0,004788027;0,1054294,0,5451441,0,004407867;0,2280984,0,5809931,0,005359925;0,35056,0,544763,0,007265247;0,4032627,0,4295031,0,005957448;0,3511533,0,3156661,0,002331608;0,283155,0,2654138,0,001662333;0,283155,0,2654138,0,001662333;0,283155,0,2654138,0,001662333;Air
1,0,3743981,0,03704203;0,9353662,0,2619557,0,03329719;0,8498129,0,1654197,0,02879408;0,7472131,0,09087739,0,02289515;0,6308742,0,03829591,0,01715554;0,5035337,0,007854242,0,01315627;0,3715758,0,0,01020945;0,2407676,0,02187597,0,007763838;0,1255642,0,08761226,0,005428061;0,04074123,0,1894535,0,003226859;0,0,3154607,0,001260059;0,00305783,0,4480687,0;0,04859076,0,5730298,0,0002759232;0,1367684,0,6715306,0,002993635;0,2661773,0,681915,0,008127515;0,3550994,0,5874897,0,01292275;0,3425948,0,4559559,0,01443606;0,2573713,0,4149037,0,0134422;0,2573713,0,4149037,0,0134422;0,2573713,0,4149037,0,0134422;Air
1,0,4282736,0,03110703;0,9419722,0,3227149,0,02504464;0,8601677,0,2398206,0,01732734;0,7620347,0,1723497,0,01019714;0,6562598,0,1051669,0,005594057;0,5451848,0,04072663,0,003770557;0,4213117,0,006155828,0,003486858;0,2932957,0,0,004067484;0,1696793,0,03402592,0,004545101;0,0691416,0,1143039,0,003982206;0,01174876,0,2291661,0,002383019;0,0,3568759,0,0008761472;0,03657471,0,4799249,0;0,1168617,0,5804085,0,001059933;0,2340295,0,630128,0,004647548;0,3475633,0,5703755,0,007207035;0,3627345,0,4435168,0,005769399;0,2485117,0,3871056,0,002398217;0,2390866,0,402511,0,002622813;0,2390866,0,402511,0,002622813;Air
1,0,2720641,0,06652071;0,8959616,0,1851501,0,06647252;0,7849337,0,1072225,0,06618267;0,6629667,0,04760637,0,06550729;0,5323848,0,01132745,0,06312267;0,3977478,0,0,05994584;0,2675875,0,02309314,0,05450401;0,1455539,0,06990625,0,04832127;0,05023576,0,1446386,0,03908824;0,001392356,0,2406668,0,02741894;0,0,3462473,0,01578916;0,04256393,0,4510013,0,005847479;0,1266545,0,5474399,0;0,2410939,0,6232318,0,0002243163;0,3595218,0,6293892,0,01062712;0,4164198,0,5626172,0,02532625;0,400416,0,4642259,0,0377895;0,3026682,0,3840295,0,04381622;0,2336606,0,3892938,0,04317031;0,2336606,0,3892938,0,04317031;Air
1,0,2458066,0,03838561;0,9357849,0,1309768,0,03010622;0,8352489,0,05262807,0,02023887;0,7122257,0,008493559,0,01093613;0,5742286,0,0,004002607;0,4331182,0,02595402,8,166885E-05;0,3008147,0,08430225,0;0,1849383,0,1651177,0,003117166;0,08906238,0,260747,0,008950239;0,0261207,0,3723566,0,01718212;0,0,4926065,0,02688905;0,03126083,0,6180632,0,03552553;0,111503,0,7293328,0,04191695;0,2308795,0,8077482,0,04513745;0,3731566,0,8262621,0,0449237;0,50022,0,7654337,0,04221196;0,5663884,0,6404437,0,03954147;0,4558055,0,551268,0,04181153;0,4359116,0,5652418,0,04508662;0,4359116,0,5652418,0,04508662;Air
1,0,4203724,0,03108965;0,8999523,0,4085987,0,02218022;0,8084061,0,3521062,0,01513287;0,732744,0,2709295,0,009313716;0,6574474,0,1845368,0,005045405;0,5763776,0,09994517,0,002507378;0,4780196,0,03467476,0,001008078;0,3649454,0,0,0001903033;0,2469005,0,004943985,0;0,1415567,0,05791461,0,0002663689;0,0622523,0,1452301,0,000486764;0,007025897,0,2491429,0,001235439;0,0,3664344,0,002488989;0,03630641,0,4780686,0,00424602;0,1307459,0,548916,0,005378645;0,2482959,0,561305,0,006422666;0,3542461,0,5093195,0,008331829;0,3694257,0,3924293,0,00856532;0,2524642,0,3538582,0,006049583;0,2524642,0,3538582,0,006049583;Air
1,0,5067236,0,02890122;0,9188772,0,4199202,0,02438868;0,8421618,0,3301974,0,0194198;0,7627416,0,239457,0,01577583;0,676608,0,1524747,0,01372616;0,5755548,0,08327027,0,01142244;0,4659628,0,02823397,0,009067262;0,3462113,0,0,007135188;0,2246344,0,01783925,0,004638128;0,12398,0,08812251,0,002100803;0,04978525,0,1863636,0,000451222;0,005061867,0,3011811,0;0,0,4241282,0,0004876521;0,0437468,0,5381736,0,002826529;0,1522446,0,5960016,0,004985172;0,2747929,0,5880356,0,007688669;0,3750026,0,5169905,0,01001508;0,3699049,0,395158,0,008043064;0,3094846,0,4316597,0,007274836;0,3094846,0,4316597,0,007274836;Air
1,0,1995566,0,0507447;0,9496707,0,286881,0,04677898;0,8667721,0,330808,0,03994224;0,7726543,0,3399774,0,03319567;0,6788747,0,3099387,0,02770046;0,5967708,0,2477586,0,02452253;0,5324757,0,1662904,0,02207026;0,4755526,0,07865223,0,02046079;0,3934486,0,01573452,0,01731037;0,2902757,0,0,01464643;0,189234,0,02499755,0,01162005;0,0988084,0,07517605,0,008064656;0,03543018,0,1567665,0,004663609;0,003109412,0,2552041,0,001731979;0,0,3598197,0;0,05330421,0,4506773,0,0007720043;0,1515584,0,4867351,0,003482297;0,2390254,0,4331823,0,007708836;0,2074789,0,4155039,0,007373137;0,2074789,0,4155039,0,007373137;Air
1,0,4131993,0,04766496;0,9585479,0,309352,0,04074172;0,8901439,0,2150581,0,03520974;0,8092175,0,1280333,0,0305793;0,7119263,0,05809996,0,02624121;0,6017634,0,01362227,0,02108153;0,4831043,0,0,01604339;0,3616745,0,006603449,0,01227084;0,2434308,0,03730783,0,008885331;0,1342921,0,0941192,0,006539137;0,05423418,0,1869168,0,003758986;0,009383599,0,3008463,0,001142269;0,0,4236827,0;0,03141712,0,5423088,0,001788631;0,1329139,0,6109724,0,004662004;0,249836,0,5728338,0,007426815;0,2935112,0,4579886,0,009352623;0,2125612,0,3797337,0,006213744;0,2125612,0,3797337,0,006213744;0,2125612,0,3797337,0,006213744;Air
1,0,2456048,0,04314923;0,9615963,0,1246425,0,0377561;0,8740676,0,0413424,0,02962474;0,7642998,0,01130496,0,01938258;0,6427656,0,003546113,0,01100715;0,5138866,0,0,005134025;0,3811934,0,005833928,0,001694413;0,2510719,0,03750044,0;0,1303384,0,09400553,0,0006409826;0,04067183,0,1918215,0,00207062;0,0,3184678,0,003347655;0,01452368,0,4509757,0,004505862;0,07913079,0,5676779,0,005934267;0,1888867,0,6435939,0,007897892;0,3218403,0,6579638,0,009283154;0,4430078,0,6015533,0,01014503;0,5113819,0,4872139,0,00977893;0,4246934,0,3945692,0,003466237;0,3832879,0,4285275,0,004227034;0,3832879,0,4285275,0,004227034;Air
1,0,5032702,0,04160578;0,9710608,0,3743142,0,03590199;0,9013432,0,2623359,0,02963996;0,8036454,0,1748346,0,02269313;0,6908648,0,09963095,0,01751655;0,5649536,0,04227601,0,01416133;0,4299233,0,007197543,0,01251356;0,2906142,0,0,01213487;0,1572075,0,04023977,0,01214705;0,05502835,0,1350915,0,01031065;0,0,2614802,0,006796167;0,005764911,0,3979813,0,002876964;0,06681795,0,5212526,0;0,1730161,0,6122725,0,0002948834;0,3062967,0,6520844,0,00363602;0,439287,0,6158445,0,008134961;0,5175469,0,5027927,0,01223444;0,450175,0,3841631,0,007835542;0,4258355,0,3660356,0,008658589;0,4258355,0,3660356,0,008658589;Air
1,0,30519,0,02794914;0,948,0,1845144,0,02530902;0,8486679,0,1147716,0,01735941;0,7378042,0,06063724,0,009865163;0,6152937,0,01990787,0,004570537;0,4846296,0,0,001253359;0,351263,0,001873321,0;0,2225566,0,03484837,0,0005681382;0,1108484,0,1030173,0,003035509;0,03248369,0,2051593,0,006860844;0,0,3281689,0,01165451;0,02712476,0,4530058,0,01661468;0,119524,0,5454664,0,02046545;0,2497889,0,5699194,0,02301919;0,3623033,0,499524,0,02288004;0,3965374,0,3752246,0,01906094;0,2921535,0,2999462,0,01381862;0,1834779,0,3360537,0,01343714;0,1834779,0,3360537,0,01343714;0,1834779,0,3360537,0,01343714;Air
1,0,364596,0,03891234;0,9436981,0,2739292,0,03346764;0,8710226,0,1961933,0,02766746;0,780978,0,1423438,0,02108307;0,6849241,0,09612124,0,01492448;0,5802531,0,06283993,0,009926972;0,472295,0,03292356,0,006050352;0,3604586,0,01254725,0,003510442;0,2471341,0,0,00131273;0,1336904,0,01477672,0,000223271;0,03577002,0,07356212,0;0,0,1818573,0,0002012355;0,01175397,0,2951299,0,001089135;0,07713965,0,3881558,0,002901551;0,1691338,0,4526238,0,006437593;0,2810169,0,4439963,0,01044934;0,3306873,0,3413992,0,01131553;0,241213,0,2774445,0,006481988;0,1426186,0,3171757,0,004367881;0,1426186,0,3171757,0,004367881;Air
1,0,2882734,0,05195764;0,9243172,0,1873785,0,04173739;0,8319472,0,09200741,0,03309819;0,7149051,0,02700201,0,0244561;0,5795942,0,0009875019,0,01690518;0,4384586,0,0,01070581;0,2980019,0,03133776,0,006172369;0,1656997,0,09034871,0,002525652;0,05811603,0,1885049,0,0003249884;0,002299028,0,3230289,0;0,0,4678213,0,001776346;0,05229131,0,6016278,0,005230674;0,1541583,0,7002777,0,01053223;0,2878877,0,7438512,0,01688734;0,4254359,0,7179525,0,02372319;0,5206295,0,6101219,0,02768718;0,5078846,0,4679139,0,02431531;0,4182225,0,3588721,0,01898048;0,38896,0,3103996,0,01773309;0,38896,0,3103996,0,01773309;Air
1,0,940659,0,04030843;0,9977184,0,7765782,0,03360017;0,9583973,0,6173712,0,02646228;0,8850269,0,4711742,0,01874369;0,8037923,0,3270549,0,0116677;0,7108002,0,1868095,0,005867832;0,5854094,0,06937028,0,002507937;0,4270471,0,0,001067982;0,2559758,0,0256704,0;0,1197402,0,131488,0,0003367784;0,03358318,0,2799278,0,002100769;0,0,4470281,0,005286511;0,01314589,0,6157886,0,009675552;0,08838036,0,7660149,0,01539957;0,2456456,0,8306763,0,02075647;0,3730267,0,7144313,0,02117335;0,3204431,0,5530301,0,0169621;0,2228684,0,4844657,0,0132187;0,2228684,0,4844657,0,0132187;0,2228684,0,4844657,0,0132187;Air
1,0,37738,0,06334131;0,9159575,0,3961532,0,05246048;0,8277019,0,3758779,0,04233429;0,744345,0,3373319,0,03246618;0,6665201,0,2770032,0,02400429;0,5904485,0,2047888,0,01723092;0,5122154,0,1276653,0,0122249;0,4240697,0,05889988,0,008021602;0,3201026,0,01425132,0,004396949;0,206406,0,0,00200123;0,09522165,0,02943947,0,0004458445;0,01455487,0,1112524,0;0,0,2248024,0,0007768749;0,0591511,0,3229968,0,002002538;0,154692,0,3854608,0,00461382;0,2688229,0,3743026,0,006877061;0,2509708,0,2612341,0,006151541;0,1914011,0,3238761,0,007294447;0,1914011,0,3238761,0,007294447;0,1914011,0,3238761,0,007294447;Air
1,0,4691247,0,04240149;0,9096549,0,4167838,0,03423309;0,827787,0,3444259,0,02754344;0,7410207,0,2732443,0,02183457;0,6530495,0,2027798,0,0162512;0,560352,0,1341801,0,01182924;0,4651945,0,06679959,0,008149582;0,3580814,0,017851,0,005261077;0,2410709,0,0,002896125;0,1250646,0,02504447,0,001034106;0,04415055,0,1118682,0;0,0,2211831,0,001158271;0,02893167,0,3355327,0,002848163;0,09739514,0,4301165,0,006153985;0,210877,0,4607766,0,009424845;0,3153795,0,4053589,0,01174004;0,3131634,0,2877962,0,01007032;0,2772176,0,2687044,0,01102598;0,2772176,0,2687044,0,01102598;0,2772176,0,2687044,0,01102598;Air
1,0,5315413,0,05363191;0,9001115,0,4615218,0,04399687;0,8042953,0,3830789,0,03481814;0,7114366,0,2948887,0,02684475;0,6200257,0,199057,0,02042994;0,5238611,0,1035583,0,01540629;0,4087749,0,02876963,0,01121588;0,2737295,0,0,007356442;0,1414171,0,04151312,0,004012341;0,05452758,0,1497941,0,001361157;0,01008795,0,2817581,0;0,0,4207055,0,000142261;0,02712056,0,5569276,0,001668422;0,1106036,0,6666254,0,005043491;0,2442089,0,7006364,0,009100833;0,3619042,0,6262194,0,01131362;0,3745161,0,4881701,0,0099994;0,277167,0,3898764,0,007047242;0,2216562,0,3476356,0,008645018;0,2216562,0,3476356,0,008645018;Air
1,0,3105532,0,06155412;0,9383408,0,2982631,0,04522729;0,8556677,0,2712678,0,03098338;0,7623127,0,2203864,0,01940464;0,6588457,0,1609956,0,01044559;0,5474505,0,09669556,0,004425743;0,4304577,0,03296542,0,001052035;0,2999334,0,0;0,166424,0,01210387,0,0005621671;0,0520664,0,08089563,0,001847322;0,0,2037683,0,003405449;0,005016477,0,336973,0,005472488;0,05753995,0,4592588,0,008138373;0,1549352,0,5479697,0,01233452;0,2885236,0,5512764,0,01538165;0,371998,0,4465567,0,01511715;0,3172118,0,3272786,0,01115517;0,1949598,0,268057,0,01038704;0,1949598,0,268057,0,01038704;0,1949598,0,268057,0,01038704;Air
1,0,6060393,0,0176454;0,9279734,0,4966536,0,01288953;0,8495318,0,392585,0,007641791;0,7764801,0,2813013,0,004001111;0,6909224,0,1776295,0,001279694;0,589281,0,08811042,0;0,4706299,0,02308079,0,0002901632;0,3384874,0,0,001911275;0,2086993,0,02400667,0,004966255;0,09896963,0,09543146,0,008619749;0,02763743,0,2055182,0,01232119;0,0,334235,0,01601312;0,02640072,0,4641355,0,01952319;0,09879107,0,5763385,0,02267778;0,2209076,0,6339149,0,02443571;0,3528782,0,6055566,0,02454401;0,3918708,0,4786916,0,02180234;0,369491,0,3458216,0,02075535;0,3449553,0,2833382,0,02084504;0,3449553,0,2833382,0,02084504;Air
1,0,5882353,0,00784189;0,9443874,0,4457309,0,003636504;0,8584276,0,3169341,0,0006258546;0,7547058,0,2003007,0;0,6323785,0,1054157,0,001894571;0,4997857,0,03306825,0,00624324;0,3572133,0,0,01243333;0,2190967,0,04651732,0,01874247;0,1092456,0,1460282,0,02416981;0,03912952,0,2787502,0,02891304;0,0,4222614,0,03444836;0,01802053,0,5715685,0,03957595;0,1021572,0,6997598,0,04330769;0,2524575,0,7388213,0,0441895;0,3445058,0,6207798,0,03964185;0,3591453,0,468629,0,03641606;0,283172,0,3335397,0,03472813;0,2582262,0,2349404,0,0344675;0,2582262,0,2349404,0,0344675;0,2582262,0,2349404,0,0344675;Air
1,0,3181657,0,01877079;0,8990425,0,3575565,0,0130427;0,7911263,0,3413997,0,007610647;0,6888693,0,296938,0,003385478;0,5932537,0,2351851,0,0009820189;0,5039788,0,1634046,0;0,4153855,0,09128966,0,0005714334;0,3217085,0,02866056,0,002628329;0,216387,0,0,006415663;0,1119078,0,02410179,0,01085406;0,03470929,0,1014019,0,01458478;0,0,2076335,0,01723612;0,01443398,0,3202736,0,01857026;0,0812536,0,4123845,0,01797317;0,1857582,0,4509414,0,01544881;0,2880532,0,4097093,0,01239032;0,3213615,0,303046,0,009676272;0,2362136,0,2275406,0,007440275;0,1708924,0,2311258,0,008990817;0,1708924,0,2311258,0,008990817;Air
1,0,2812515,0,01471289;0,8993412,0,3137829,0,00943193;0,7924589,0,3036496,0,004871277;0,6934457,0,2571306,0,001673574;0,611209,0,1828789,0,0003123499;0,5271279,0,1104386,0;0,436144,0,04777262,0,0008069326;0,3359766,0,004997598,0,002916071;0,2298011,0,0,006317405;0,1301916,0,02985305,0,01060747;0,05066625,0,09517524,0,01534173;0,006726049,0,1898756,0,01974569;0,0,2969512,0,02308628;0,04591163,0,3973946,0,02367198;0,135653,0,4595416,0,02197908;0,2415966,0,4530861,0,01868715;0,3141805,0,3759132,0,01514707;0,2880273,0,2699918,0,01262825;0,2053046,0,2593173,0,01435498;0,2053046,0,2593173,0,01435498;Air
1,0,2791518,0,03212913;0,906531,0,329612,0,02609568;0,8074165,0,3396055,0,01803881;0,7092076,0,3045567,0,01131985;0,6149018,0,2520151,0,00590768;0,5277086,0,1823675,0,002396768;0,4429569,0,1069897,0,0006408152;0,3503246,0,0408374,0;0,244569,0,0,0006169832;0,1359905,0,03261273,0,001160485;0,04586859,0,1006503,0,002261058;0,0,2039752,0,003387118;7,943989E-05,0,3172671,0,004406928;0,05561322,0,4164239,0,004750506;0,1570156,0,4667147,0,00398689;0,2685598,0,4474743,0,003299735;0,3494349,0,3678809,0,00293067;0,3023694,0,2652869,0,0008960158;0,2406076,0,2826419,0,0005855382;0,2406076,0,2826419,0,0005855382;Air
1,0,3515078,0,04106906;0,8998159,0,3194189,0,03218075;0,8055972,0,2628834,0,02454921;0,7231522,0,1837351,0,01843041;0,6309386,0,1162464,0,01212743;0,5296984,0,05901157,0,006455952;0,4173552,0,01624781,0,002731158;0,2966063,0,0,000526252;0,1755719,0,01656891,0;0,06785974,0,07216965,0,001056518;0,005508699,0,1736025,0,003939308;0,0,2925461,0,007189583;0,06056714,0,3962838,0,01027752;0,1744374,0,439283,0,01226658;0,2925318,0,4097843,0,01453481;0,3196044,0,292118,0,01286998;0,1995904,0,2744288,0,0101027;0,256604,0,2539924,0,0107342;0,256604,0,2539924,0,0107342;0,256604,0,2539924,0,0107342;Air
1,0,2988894,0,03116436;0,9120143,0,2348047,0,02104771;0,8163239,0,1695595,0,01244966;0,7072755,0,1123062,0,006029483;0,589356,0,06224038,0,002037118;0,4659554,0,02124665,0,0001055725;0,3376424,0,0;0,2087492,0,008101074,0,001158784;0,09247864,0,06091318,0,003472761;0,01593211,0,1622053,0,006439205;0,0,2893003,0,009011008;0,03685701,0,4130456,0,01095907;0,1291173,0,5043005,0,01235629;0,2575682,0,5236914,0,01277068;0,3743041,0,4677939,0,01226293;0,3957174,0,3415666,0,009795262;0,2938047,0,2616302,0,007555975;0,2123745,0,1650666,0,01104849;0,2828309,0,1884965,0,009392362;0,2828309,0,1884965,0,009392362;Air
1,0,5516748,0,02802301;0,932645,0,4559736,0,02036458;0,850889,0,3727641,0,0123639;0,7672719,0,2834509,0,006165357;0,6771058,0,1944809,0,001942262;0,5770656,0,1126445,0;0,469672,0,04068224,0,000371088;0,3481724,0,0,001991874;0,2216579,0,0005685323,0,004658881;0,1097428,0,05852664,0,007610823;0,03192899,0,1593928,0,009827631;0,0,2838853,0,01120069;0,01000831,0,4123683,0,01228244;0,07294376,0,5251737,0,01249564;0,1847783,0,5887367,0,01161167;0,3087237,0,5648583,0,008905777;0,3241009,0,4404248,0,005010191;0,2425327,0,3837915,0,006639022;0,2425327,0,3837915,0,006639022;0,2425327,0,3837915,0,006639022;Air
1,0,5851432,0,02913383;0,8981953,0,5307853,0,02191892;0,8142981,0,44797,0,01569438;0,7339965,0,3610694,0,009575145;0,6520908,0,2723495,0,004381361;0,5673702,0,1817942,0,001029741;0,4731063,0,09856987,0;0,3694822,0,02890945,0,001249078;0,2511532,0,0,00448262;0,1328887,0,02368842,0,00819756;0,04026116,0,1035648,0,01112026;0,0,2218939,0,01205581;0,01450048,0,3463913,0,01146979;0,0670499,0,4600968,0,01086897;0,1648877,0,5377125,0,00987892;0,2884648,0,5455979,0,008053914;0,3640728,0,4548166,0,003116136;0,2946923,0,4116811,0,004190282;0,2946923,0,4116811,0,004190282;0,2946923,0,4116811,0,004190282;Air
1,0,3618417,0,01833508;0,8920051,0,3816097,0,009440004;0,785135,0,3232852,0,004929563;0,700148,0,2335836,0,001818775;0,6161406,0,1410888,0,0004426684;0,5139743,0,06877103,0;0,4007965,0,01707166,0,001042087;0,278943,0,0,003204637;0,1593875,0,02265816,0,006155984;0,0618767,0,095428,0,009167541;0,0,2018837,0,01136776;0,003659751,0,3265036,0,01201831;0,05036463,0,4422271,0,01249966;0,1547806,0,5107559,0,0129272;0,2796211,0,5037163,0,01390941;0,3683216,0,4167541,0,016667;0,2895078,0,3203251,0,01712279;0,2069804,0,3924114,0,01955948;0,2069804,0,3924114,0,01955948;0,2069804,0,3924114,0,01955948;Air
