0,03958511,0,7797482,0,004851399;0,2567873,0,7536141,0,007879265;0,4793572,0,7439152,0,009851162;0,7055025,0,7294493,0,01005327;0,9303494,0,7077722,0,008571435;0,7769504,0,5406219,0,009413105;0,5963976,0,4031664,0,009617865;0,4228548,0,2587929,0,008584985;0,2538805,0,1179245,0,005793897;0,09509922,0,0,0002333728;0,3070886,0,0009810287,0,004283295;0,5255891,0,02757296,0,006976204;0,7518022,0,05010028,0,00721548;0,9775792,0,07046692,0,005735081;1,0,2965274,0,004954346;0,7833744,0,2638167,0,008322317;0,5859672,0,3746706,0,009518627;0,3926294,0,4911489,0,008548045;0,2019126,0,6015861,0,005921976;0,0,7427113,0;Time
0,01034664,0,9623571,0,01441427;0,2056494,0,9174962,0,01204008;0,4069767,0,8791751,0,01338536;0,6042544,0,8232759,0,01456326;0,7981474,0,7516906,0,01452804;0,8711325,0,5973854,0,009017256;0,671594,0,5414032,0,008588467;0,4880941,0,4478446,0,007473219;0,3245427,0,328662,0,005306829;0,1834135,0,2017595,0,001285226;0,2321876,0,0;0,4048222,0,07049812,0,004363742;0,6083106,0,08348128,0,006223838;0,8106619,0,1302007,0,005240438;0,6673316,0,2810117,0,005927104;0,5225119,0,4292359,0,006956012;0,3923012,0,5904034,0,007804552;0,2533131,0,7445723,0,008248718;0,1144115,0,8971454,0,009241469;0,1,0,009445215;Time
0,2515845,1,0,03846766;0,3731347,0,894063,0,03004624;0,5352477,0,8208534,0,02220185;0,7252778,0,775822,0,01515226;0,9014031,0,6888765,0,008104953;0,7429679,0,517024,0,0116541;0,5556635,0,4193217,0,01760682;0,3709542,0,2931992,0,02218446;0,1697986,0,1766436,0,02538246;0,3296543,0,03523428,0,01979876;0,5428489,0,03015529,0,01403848;0,7438048,0,0,007357549;0,9368294,0,01690692,0;0,8069255,0,1639135,0,007147125;0,6723304,0,3053995,0,01423318;0,5259727,0,442966,0,02085341;0,3840452,0,5990748,0,02654387;0,2185308,0,7490182,0,03088566;0,05674799,0,9157379,0,03367792;0,0,9573641,0,03413212;Time
0,0,6185284,0,003095716;0,1804038,0,7068273,0,01115156;0,3721631,0,7887714,0,01864143;0,5767022,0,8707544,0,02519441;0,8176816,0,9264773,0,02893904;0,6285296,0,7927913,0,02349624;0,4684241,0,6290005,0,0176801;0,3392874,0,4601662,0,0105024;0,248529,0,2552808,0,003987364;0,2736917,0,0,0007840227;0,4314389,0,07707964,0,01005098;0,6115859,0,1556342,0,0182344;0,8222814,0,2030914,0,02510612;1,0,354118,0,03044883;0,7880903,0,4651085,0,0256772;0,5769979,0,5677633,0,02026772;0,3674777,0,6377915,0,01355981;0,1634056,0,6789522,0,005886069;0,01611485,0,6431034,0;0,01611485,0,6431034,0;Time
0,07571585,0,8326942,0,01584459;0,2126528,0,857669,0,02731259;0,3782806,0,9019732,0,03770076;0,5784816,0,9405137,0,04662015;0,5361587,0,7728951,0,03684802;0,4068056,0,6235679,0,02787131;0,3090206,0,4732881,0,01805178;0,2321198,0,2935542,0,008924276;0,1971579,0,09697449,0;0,3772521,0,0,009311026;0,4889536,0,1321212,0,01954545;0,6689766,0,1241581,0,02969678;0,885336,0,1582146,0,03779779;1,0,4065497,0,03787229;0,7778105,0,5401165,0,03314953;0,5537154,0,6654264,0,02791678;0,3306916,0,7764691,0,02169102;0,1134174,0,861935,0,01404416;0,0,8913178,0,007477556;0,0,8913178,0,007477556;Time
1,0,9169002,0,03018909;0,8088866,0,9332933,0,01971465;0,5975868,0,9555956,0,01221622;0,366558,0,9584453,0,008116744;0,4360192,0,7385105,0,01542694;0,5676407,0,5893711,0,02659893;0,663388,0,415604,0,03867873;0,7229942,0,2272927,0,05180515;0,6223671,0,0,0553149;0,4906883,0,01609767,0,03836779;0,3475915,0,0362841,0,02244644;0,1805532,0,04440441,0,008841092;0,0,1485199,0;0,1270849,0,3302549,0,007546082;0,2612607,0,4817865,0,0179413;0,3877738,0,6205848,0,03025045;0,5030213,0,7346982,0,04531819;0,5907627,0,8476392,0,06255659;0,5283735,0,9945388,0,0831439;0,5079201,0,9212748,0,07811993;Time
1,0,8042523,0;0,7781997,0,7903364,0,01239265;0,5671544,0,8224425,0,02669191;0,364896,0,8548865,0,04251632;0,1653413,0,8495089,0,05929312;0,2063735,0,6459783,0,05225252;0,358773,0,5042344,0,04022019;0,513419,0,3549461,0,03023861;0,6632738,0,194376,0,02295386;0,5727009,0,0,03052066;0,3550157,0,0155461,0,04359481;0,1557791,0,02557552,0,06034489;0,0,06898334,0,08053482;0,06335732,0,2759731,0,07852197;0,2024572,0,4326568,0,06702082;0,3610194,0,5667965,0,05386963;0,5348694,0,6881635,0,04101539;0,7233311,0,7851775,0,02722866;0,8873206,0,8265178,0,01808638;0,8873206,0,8265178,0,01808638;Time
0,9644336,0,7852009,0,03877788;0,7313467,0,870029,0,03543902;0,4877979,0,9360237,0,03321869;0,2309657,0,966112,0,03280037;0,4145025,0,7753774,0,02931864;0,6380748,0,6504623,0,03067014;0,7998229,0,459738,0,03446272;0,9308442,0,2473485,0,03884481;1,0,00175052,0,04220041;0,7924913,0,0,03185367;0,6163478,0,1061639,0,02044376;0,4197335,0,1799946,0,009963806;0,2029162,0,2257656,0,001388832;0,0,3840126,0;0,1875734,0,4752147,0,01075025;0,3903866,0,5336718,0,02085178;0,580802,0,613928,0,03164387;0,7160039,0,732397,0,04641967;0,796466,0,7825957,0,05968951;0,796466,0,7825957,0,05968951;Time
1,0,5483123,0,02201034;0,9164226,0,5112225,0,008174093;0,7664813,0,5700133,0,002204558;0,5871407,0,5788159,0;0,3908059,0,5877046,0,003960765;0,401206,0,4834051,0,0193261;0,535735,0,3948234,0,02556387;0,6282246,0,2728405,0,03383341;0,7110189,0,1602788,0,04393453;0,7295011,0,01381471,0,05484083;0,5483437,0,0,05355059;0,3657922,0,0005012139,0,05247817;0,1742031,0,007667006,0,0545912;0,0,0923095,0,05933462;0,1574595,0,2030856,0,0547351;0,3256011,0,29935,0,04930741;0,5031717,0,3785104,0,04488116;0,6761845,0,4640771,0,04183912;0,8269246,0,58169,0,03954499;0,828162,0,6026235,0,03981518;Time
0,4810765,0,8427105,0,1165794;0,600069,0,8647678,0,0913123;0,7031987,0,8878821,0,06583202;0,7957183,0,8982306,0,04020851;0,6858291,0,6843328,0,04118425;0,5880568,0,6021199,0,06531864;0,4537245,0,4395882,0,0822789;0,3016669,0,2886082,0,09930979;0,1462399,0,1117726,0,1108617;0,1497348,0,0,0894707;0,3114399,0,0797225,0,06726096;0,4464,0,1060804,0,04241503;0,5463696,0,1090312,0,01682685;0,5371407,0,2797455,0;0,4664693,0,402777,0,02185528;0,374745,0,5354979,0,04285713;0,2763867,0,672603,0,06334363;0,168381,0,8172315,0,08286814;0,1,0,1083896;0,1,0,1083896;Time
0,0,9913762,0,005351699;0,1812541,0,9672311,0,01790588;0,3921477,0,9691645,0,02610148;0,6167639,0,9596773,0,0316201;0,8351573,0,8706599,0,03477705;0,6423748,0,715835,0,03533572;0,4593941,0,5608302,0,03307914;0,2896505,0,4061761,0,02787414;0,1500319,0,2356142,0,02009444;0,1225507,0,0,01403233;0,2927979,0,02205876,0,02789325;0,4702931,0,06736329,0,0403013;0,6647843,0,08878358,0,05078719;0,7354118,0,3088765,0,05726633;0,5670351,0,4409144,0,04890662;0,4215534,0,5990306,0,04011526;0,2975279,0,7567062,0,02845528;0,2103361,0,9027364,0,01211692;0,2227997,1,0;0,2227997,1,0;Time
0,0,748549,0,09023208;0,2155433,0,7675214,0,08269809;0,427643,0,8008261,0,07264401;0,6379157,0,8270577,0,06083325;0,8322151,0,8150696,0,04485888;0,7491148,0,6536708,0,03732185;0,5738121,0,5289962,0,04424755;0,4198503,0,3815983,0,04878199;0,2817648,0,2237321,0,05045986;0,2058429,0,03338561,0,04928368;0,41673,0,0,03839597;0,6182885,0,07808837,0,02944128;0,8221751,0,1259034,0,01648465;1,0,1936931,0;0,8258451,0,3124262,0,009916152;0,6455144,0,4037557,0,02322897;0,4727823,0,510622,0,03555911;0,2902689,0,593698,0,04910281;0,1677687,0,6889399,0,05812521;0,1677687,0,6889399,0,05812521;Time
0,0,5625449,0,001951783;0,1559988,0,6366208,0,01633294;0,3225935,0,6984226,0,02988605;0,5173323,0,735045,0,04038113;0,7288041,0,6878746,0,04779571;0,5543463,0,5799252,0,03801082;0,3979959,0,4430487,0,0281695;0,2936824,0,2617587,0,01729036;0,3243675,0,02468396,0,009482727;0,4878778,0,0,02435883;0,6403605,0,03341804,0,04020882;0,8144188,0,05080628,0,05373296;1,0,1541529,0,06210046;0,8057087,0,1963609,0,0518476;0,6275111,0,2733455,0,04052996;0,4802225,0,3859456,0,02734294;0,3738953,0,5147592,0,01108641;0,3354749,0,5713429,0;0,3354749,0,5713429,0;0,3354749,0,5713429,0;Time
0,0,70148,0,0309285;0,1532867,0,7421575,0,04339319;0,3366573,0,7864717,0,05149392;0,5464435,0,7912362,0,05538156;0,7792723,0,7964119,0,04407769;0,615276,0,730573,0,03403809;0,4423198,0,6406059,0,02675955;0,2948307,0,504775,0,01998171;0,1795337,0,3435827,0,01208785;0,1755913,0,1280411,0,00569212;0,3649281,0,0003900156,0,004211773;0,5866045,0,0,005358762;0,8151748,0,01050934,0,004064858;1,0,1509993,0;0,7654425,0,1808091,0,006171733;0,5504701,0,2726525,0,011097;0,3691445,0,4151769,0,01478633;0,2059704,0,5746089,0,0167542;0,03590252,0,7159316,0,01516054;0,03349918,0,7190412,0,01525804;Time
0,0,8130186,0,0006388588;0,1369389,0,7393185,0,01585848;0,3070695,0,7478173,0,02874382;0,5045198,0,7533725,0,03763569;0,6759793,0,5845631,0,035172;0,5024647,0,5094723,0,02467792;0,3739628,0,3834042,0,0119553;0,3212393,0,1900873,0;0,4452291,0,0,004542513;0,5974967,0,07057097,0,01808796;0,7737773,0,1499498,0,02799728;1,0,1666538,0,03096027;0,7940817,0,2733369,0,02922091;0,5666847,0,3336939,0,02862117;0,3677973,0,4416055,0,02515404;0,213799,0,6002163,0,01967907;0,07466584,0,7040794,0,006334505;0,1167117,0,6984547,0,006630998;0,1167117,0,6984547,0,006630998;0,1167117,0,6984547,0,006630998;Time
0,0,5606889,0,03459566;0,2104297,0,5621896,0,03896162;0,4295185,0,5648996,0,04114527;0,6558627,0,5737098,0,0410292;0,7192615,0,368441,0,03179456;0,4992442,0,3831462,0,02994359;0,3039084,0,3235478,0,02416122;0,1427985,0,1965882,0,01801312;0,1164111,0,0,007529421;0,328957,0,01421939,0,01144461;0,5343122,0,08358886,0,01449606;0,7620168,0,1096307,0,01364581;1,0,1148996,0,007185273;0,7667242,0,1420212,0,01070233;0,5544375,0,2341719,0,01272741;0,3728568,0,3689052,0,01237516;0,2245519,0,5270136,0,008442426;0,1220255,0,6226949,0;0,1220255,0,6226949,0;0,1220255,0,6226949,0;Time
0,0,5142897,0,008342307;0,1998127,0,5709149,0,01316486;0,4030527,0,5963854,0,01845795;0,6218373,0,614271,0,02027578;0,8538253,0,5709898,0,01504003;0,6451353,0,5119487,0,01245669;0,4477386,0,4173612,0,01027718;0,286525,0,2840809,0,005264421;0,1707651,0,1070044,0;0,3581796,0,0,003275119;0,5636296,0,01944002,0,008290804;0,7791554,0,03916097,0,01098125;1,0,07525049,0,01162679;0,7890439,0,17408,0,01512724;0,5756906,0,2569435,0,01639432;0,3691357,0,3456878,0,01608531;0,1976215,0,4736867,0,01221673;0,01878453,0,5483379,0,004443885;0,1040921,0,550707,0,00628336;0,1040921,0,550707,0,00628336;Time
0,0,7147896,0,01859761;0,1750375,0,7126711,0,03767425;0,3420606,0,8450884,0,0531784;0,554372,0,9139503,0,06638791;0,8102528,0,9151894,0,07374275;0,6849605,0,7824023,0,0543201;0,4881183,0,6531928,0,04242093;0,3480364,0,4850605,0,02692553;0,2639352,0,262796,0,01248189;0,275647,0,0;0,4627761,0,0009393425,0,01775757;0,6249025,0,09382432,0,03610348;0,8005996,0,2101729,0,05166259;1,0,3815529,0,05857962;0,754312,0,4374338,0,05030791;0,5146598,0,4904467,0,04074211;0,3025882,0,6131008,0,03050677;0,1893475,0,7255222,0,02170418;0,1893475,0,7255222,0,02170418;0,1893475,0,7255222,0,02170418;Time
0,0,5655397,0,005165718;0,1608797,0,5647817,0,01800863;0,3338664,0,5900964,0,02899876;0,5233002,0,6180484,0,03743523;0,6695394,0,482151,0,02034358;0,4584874,0,4333596,0,01668864;0,327844,0,2736533,0,009657817;0,2379657,0,08383519,0,00250109;0,4106201,0,0,01140352;0,5867425,0,05130415,0,02124434;0,7842131,0,0873863,0,02810839;1,0,09133197,0,0318094;0,8133488,0,1601009,0,02443138;0,5883831,0,2249138,0,02634971;0,4178677,0,3201188,0,01796904;0,2404162,0,423402,0,0113516;0,1131786,0,5551979,0,0001070783;0,1064086,0,5398617,0;0,1064086,0,5398617,0;0,1064086,0,5398617,0;Time
0,8657142,0,62072,0,05941811;0,6658514,0,5073723,0,05383991;0,4774431,0,4004205,0,04555922;0,3172925,0,2780378,0,03436708;0,2613049,0,09855016,0,01875638;0,4909737,0,0,01914567;0,7289826,0,01945139,0,02259211;0,987789,0,009334201,0,01927433;1,0,1839216,0;0,7437097,0,1989478,0,01466662;0,5075483,0,3078615,0,01959544;0,2868001,0,4323556,0,02065885;0,09930675,0,5863392,0,01757421;0,0,7871169,0,008199867;0,2453637,0,7855509,0,0100644;0,48566,0,7390031,0,01211203;0,7401732,0,7172907,0,01055046;0,8121019,0,7933455,0,002133406;0,8121019,0,7933455,0,002133406;0,8121019,0,7933455,0,002133406;Time
0,6136161,0,780353,0,01554784;0,4733425,0,612928,0,02724541;0,3051081,0,4598235,0,03609548;0,1511212,0,2919048,0,04138013;0,01384279,0,1156156,0,04224581;0,2110257,0,0,03263478;0,4349551,0,06664778,0,02603315;0,664454,0,1154861,0,01729944;0,8938881,0,1486926,0,005271493;1,0,3480207,0;0,7896867,0,4266737,0,01361208;0,6001781,0,550166,0,02454363;0,4013924,0,6659597,0,03321815;0,2004048,0,778823,0,0385969;0,0,8667773,0,03752125;0,2333037,0,8538088,0,03142961;0,4673035,0,8394398,0,0224409;0,6900672,0,836817,0,007448595;0,6991824,0,855525,0,00289707;0,6991824,0,855525,0,00289707;Time
0,8797346,1,0,07125755;0,7324776,0,7661267,0,094584;0,5866922,0,5144185,0,1151519;0,4153517,0,2613555,0,1334094;0,2878567,0,0,1229232;0,4897511,0,04517689,0,09003039;0,6667212,0,1117509,0,05674631;0,8044943,0,1419078,0,02220958;0,8205422,0,388909,0;0,7233441,0,4358729,0,03428197;0,6000537,0,5661711,0,06587834;0,4444341,0,6919842,0,09719951;0,244385,0,8154382,0,1271308;0,0,9478971,0,153456;0,256345,0,9191885,0,1235306;0,4897277,0,9392542,0,09176628;0,6988636,0,9462386,0,05873623;0,8617713,0,9291746,0,02447763;0,8589448,0,9568554,0,01857502;0,8589448,0,9568554,0,01857502;Time
0,2771298,0,9416487,0,007974112;0,4239021,0,7179025,0,0205926;0,5238061,0,5350852,0,04112296;0,587881,0,3563595,0,06410412;0,5805616,0,1331533,0,08632185;0,3789057,0,0,07197774;0,2898008,0,07080633,0,04556786;0,1528198,0,09809215,0,02159227;0,0,1843532,0;0,2092873,0,3033357,0,01457883;0,3933045,0,4646508,0,02915692;0,5415407,0,6224142,0,04744345;0,6540677,0,7774178,0,06868175;0,6740581,1,0,08968308;0,5990161,0,949604,0,06217828;0,4962803,0,8906887,0,03644034;0,3563475,0,8736741,0,01265824;0,363187,0,8772498,0,01228927;0,363187,0,8772498,0,01228927;0,363187,0,8772498,0,01228927;Time
1,0,4296222,0,04465692;0,7628621,0,4040715,0,0722517;0,4919503,0,3212255,0,09390769;0,2190095,0,2064744,0,1118751;0,0,0,1147085;0,2547857,0,06300894,0,0900514;0,4830864,0,08065679,0,06184755;0,6756908,0,07330129,0,03154786;0,8244293,0,0515552,0;0,8263516,0,2918836,0,0179432;0,6583367,0,2288747,0,04832299;0,5682018,0,3896008,0,07525447;0,4207716,0,5101722,0,1038279;0,284715,0,6931918,0,1280487;0,1328528,0,9289681,0,1221599;0,3775197,0,7655987,0,1057252;0,6019757,0,6701375,0,07964641;0,7985049,0,608904,0,05038046;0,9837405,0,5903351,0,01981878;0,9062876,0,6287545,0,03312058;Time
0,7801284,0,8680989,0,03037539;0,6607757,0,6911504,0,04831866;0,5207279,0,5203995,0,06574182;0,3545759,0,357839,0,08179557;0,2083744,0,1652104,0,09393546;0,3432539,0,0,07636585;0,4989817,0,1808357,0,0625568;0,7052318,0,2287848,0,04086391;0,9007512,0,2455489,0,01755045;1,0,4314106,0;0,8165692,0,4268883,0,02423598;0,6281891,0,5017848,0,04612186;0,4263408,0,5653045,0,06729122;0,2100169,0,648063,0,08533167;0,0,7599041,0,1011938;0,2304054,0,7532576,0,08202894;0,452467,0,7719488,0,06156653;0,6671485,0,7887677,0,04009264;0,8383374,0,8093861,0,01586897;0,8383374,0,8093861,0,01586897;Time
0,7392544,0,7225654,0,05696899;0,5502859,0,5646434,0,05185459;0,3656019,0,4119323,0,04511613;0,1989718,0,2610147,0,03524476;0,06171413,0,09605843,0,02309983;0,3183548,0,0,01379389;0,4913417,0,06422494,0,02874044;0,7359265,0,08953231,0,03348245;1,0,1114421,0,03283233;0,8268537,0,2917821,0,02805295;0,5986091,0,4219258,0,02783438;0,3886177,0,5507742,0,02259729;0,1727278,0,6305522,0,01424225;0,0,7185202,0;0,217763,0,7440767,0,0100065;0,4445928,0,7190284,0,01846243;0,6837375,0,6959528,0,02452399;0,7990754,0,7666939,0,01978322;0,7990754,0,7666939,0,01978322;0,7990754,0,7666939,0,01978322;Time
0,3354519,0,9822981,0,07666006;0,2196507,0,8295531,0,06157268;0,1278147,0,6375127,0,04855942;0,05433767,0,4384389,0,0349012;0,001622327,0,2342927,0,02040871;0,0,0136871,0,005874516;0,1162941,0,0,02716948;0,2073087,0,09185654,0,04830272;0,3493547,0,1443973,0,06665272;0,4810711,0,3616967,0,06984346;0,3161894,0,4080665,0,05356501;0,1826863,0,5361789,0,03767032;0,08970028,0,6934522,0,02037919;0,03004384,0,8408067,0;0,1155548,1,0,01716919;0,1851506,0,8863755,0,03899231;0,3083447,0,9400972,0,05893384;0,4577425,0,8515982,0,0754523;0,3752092,0,8765389,0,06423335;0,3752092,0,8765389,0,06423335;Time
0,0,9595489,0,100111;0,05949629,0,7875674,0,07714396;0,1321542,0,6071826,0,05490012;0,2183651,0,4186635,0,03353317;0,3258351,0,2193803,0,01380836;0,3416144,0,0,03107225;0,2407496,0,07662104,0,05955898;0,1734982,0,108522,0,08911141;0,1506489,0,1071398,0,1182923;0,2316001,0,2507553,0,09266632;0,2361748,0,3796558,0,06707246;0,2800142,0,5674287,0,04490661;0,352403,0,7705405,0,02424529;0,4802026,0,9256296,0;0,3731239,0,8980833,0,02962582;0,2561129,0,9007987,0,05920807;0,1791249,0,9187919,0,0889264;0,2326031,1,0,1139851;0,2126894,0,9492985,0,1014229;0,2126894,0,9492985,0,1014229;Time
0,8273668,0,6369624,0,02521468;0,6515279,0,4843582,0,02179632;0,5164022,0,3023539,0,01611271;0,3871028,0,1214376,0,009236511;0,1971548,0,0505171,0;0,4222004,0,06980907,0,004681139;0,6168047,0,02262623,0,01413847;0,8466236,0,0,01752246;0,9969816,0,1202092,0,02883266;0,7616875,0,1669592,0,02799909;0,5353783,0,2624713,0,02931525;0,3320698,0,3919931,0,02877782;0,1492349,0,5399293,0,02607457;0,0,7180963,0,02205444;0,150241,0,872315,0,02986584;0,3332865,0,7480813,0,03601303;0,5470775,0,7011208,0,04204616;0,765829,0,629124,0,04554934;1,0,5478263,0,04760401;1,0,5478263,0,04760401;Time
1,0,6672414,0,06533832;0,8198438,0,4978963,0,06899601;0,61761,0,3669703,0,0688137;0,4078074,0,2759705,0,0650286;0,2075689,0,1903817,0,05874946;0,09917589,0,0,0510437;0,3271091,0,06202559,0,05285459;0,5737367,0,1007807,0,04945104;0,8276296,0,0992301,0,04001301;0,9370419,0,2848514,0,02413657;0,7067013,0,3876708,0,03100602;0,4953156,0,5176209,0,03406663;0,2847755,0,6416721,0,03496937;0,08343092,0,7656257,0,03282504;0,0,9222512,0,0176941;0,2322923,0,8509542,0,0176182;0,4746259,0,7935264,0,01492897;0,7145305,0,7200824,0,01109033;0,8264585,0,7302971,0;0,8264585,0,7302971,0;Time
0,6389264,0,7058598,0,07280143;0,4347616,0,5444142,0,06644757;0,2448959,0,3941452,0,05639783;0,08393444,0,2346876,0,04336353;0,06609232,0,01651671,0,02539715;0,3496546,0,0004587974,0,02511518;0,6262075,0,007888767,0,027081;0,9130324,0,0,02576275;1,0,2634899,0,0160157;0,7072362,0,294994,0,02076218;0,4514567,0,4035378,0,01895487;0,214029,0,5216527,0,01367232;0,0,6442153,0,004392826;0,07373895,0,9191497,0;0,2504779,0,7815232,0,01339434;0,4740142,0,7278312,0,0248571;0,7117478,0,6635995,0,03357824;0,9887339,0,6574822,0,0353521;0,8960824,0,7127291,0,03015398;0,8960824,0,7127291,0,03015398;Time
0,2119585,0,934656,0,1322987;0,1323868,0,7295838,0,1080222;0,07071351,0,5502063,0,08076045;0,0460199,0,3399921,0,05404191;0,07941997,0,1136088,0,02697545;0,2934717,0,0,04623036;0,3014501,0,1155351,0,07909765;0,4215508,0,1546232,0,1083237;0,6036889,0,2493174,0,1312436;0,4300449,0,3522479,0,1076876;0,2705679,0,4741081,0,08359403;0,1384541,0,5914634,0,05707552;0,04532217,0,7176162,0,02827232;0,0,9025604,0;0,02872831,0,9115854,0,03430447;0,07565829,0,909204,0,06787898;0,1506189,0,9201553,0,100058;0,329238,1,0,1314843;0,329238,1,0,1314843;0,329238,1,0,1314843;Time
0,2590158,0,9598101,0,1033392;0,1431764,0,7184426,0,08895411;0,05134646,0,4952943,0,07028943;0,0,2852599,0,04778356;0,004860624,0,006850544,0,03167561;0,1089889,0,0,05997692;0,1919131,0,04045083,0,08916615;0,3095141,0,08421276,0,1161167;0,4595736,0,09494527,0,1409846;0,4755909,0,3823256,0,125579;0,2880164,0,2992383,0,105531;0,189597,0,4401801,0,08020845;0,1102285,0,5812687,0,05366565;0,06054576,0,7274789,0,02577007;0,1240275,0,9491592,0;0,1732861,0,9517526,0,03124133;0,2282536,0,9435319,0,06222475;0,311504,0,9537752,0,09167597;0,5125838,1,0,115817;0,5125838,1,0,115817;Time
0,5913929,0,5106334,0,0181368;0,4104829,0,4055643,0,01760922;0,2422458,0,2892946,0,0155398;0,08598351,0,1685207,0,01150182;0,0,0,004381516;0,178816,0,06962439,0,00936014;0,3694979,0,1026916,0,01384117;0,5717838,0,1205667,0,01606192;0,7837107,0,1346246,0,01549345;1,0,182535,0,006982616;0,7850848,0,2152096,0,009619841;0,5777167,0,2627928,0,01031033;0,3845046,0,3371395,0,009032958;0,2057977,0,4254897,0,005529381;0,06779218,0,561314,0;0,2599136,0,6067596,0,00370125;0,4547616,0,5909676,0,007793755;0,6618025,0,6055817,0,008829832;0,7629019,0,6051455,0,004699156;0,7629019,0,6051455,0,004699156;Time
0,9422272,0,8187488,0,03237411;0,7464669,0,6621444,0,03697769;0,5555869,0,5008762,0,04122739;0,3660825,0,3412568,0,04384598;0,187281,0,1770774,0,04388367;0,09072923,0,0,03277923;0,3439608,0,03632938,0,0235856;0,5975692,0,0662898,0,01273142;0,8451102,0,1170341,0;0,8998681,0,3440079,0,005571651;0,6715282,0,4097324,0,02237905;0,4613152,0,5247032,0,03721441;0,238534,0,6345958,0,04904902;0,0,7201809,0,05704553;0,2471453,0,7790465,0,05084676;0,5027134,0,7692199,0,04240331;0,7583192,0,7804409,0,03226517;1,0,8468626,0,01893431;0,9653288,0,8720746,0,01482299;0,9653288,0,8720746,0,01482299;Time
0,5829532,0,5874291,0,06278907;0,4523424,0,4430602,0,05007939;0,3287438,0,3113197,0,03550743;0,216548,0,1847266,0,01944017;0,1457863,0,06165011,0;0,3772539,0,0,003660642;0,5661367,0,0115947,0,01591873;0,7791892,0,01655015,0,02457213;1,0,08194083,0,03011771;0,7670404,0,1630824,0,02860642;0,5491283,0,2784539,0,02694062;0,3432158,0,3920777,0,02213037;0,1552922,0,5081419,0,01415568;0,0,6451256,0,003287651;0,1631144,0,6614306,0,01866288;0,343429,0,6423761,0,03196334;0,5368515,0,6307814,0,04353207;0,7540603,0,6966303,0,04966844;0,6881368,0,7074683,0,04496209;0,6881368,0,7074683,0,04496209;Time
0,545356,0,9652472,0,0420433;0,4743726,0,7519396,0,05938124;0,3752863,0,5450235,0,07699317;0,2766927,0,323896,0,09209441;0,1703406,0,09051501,0,1036158;0,2475308,0,0,07718329;0,4178715,0,128716,0,05446756;0,561932,0,1794168,0,02723147;0,6790966,0,2501909,0;0,5853058,0,3791286,0,02451217;0,4755548,0,484163,0,05017118;0,343292,0,5799242,0,07586559;0,1867688,0,6601931,0,101503;0,0,7205241,0,1264593;0,1203172,0,9380804,0,1119692;0,3075294,0,8758282,0,08708837;0,4906037,0,905926,0,06089982;0,6106253,1,0,03444804;0,601463,0,969853,0,03802554;0,601463,0,969853,0,03802554;Time
0,8541979,0,8035615,0,02008355;0,6587237,0,6506022,0,02605283;0,4895427,0,472271,0,03079732;0,3249047,0,2926006,0,03341097;0,1737239,0,1101337,0,03234287;0,3148759,0,0,01069569;0,5106073,0,107198,0,0154087;0,7505036,0,1780847,0,01047069;1,0,2204924,0,001873687;0,9584923,0,4556637,0;0,707303,0,4333669,0,01066221;0,4704067,0,5150967,0,0172469;0,2306819,0,5792869,0,02117776;0,0,6476449,0,02152665;0,1812026,0,80384,0,02168602;0,3911413,0,70156,0,02373382;0,630459,0,7513714,0,02191237;0,8745768,0,8137723,0,01518236;0,8374619,0,7636181,0,01427029;0,8374619,0,7636181,0,01427029;Time
0,561623,1,0,09127477;0,413997,0,809185,0,08179718;0,2839335,0,622562,0,06953891;0,1770364,0,4363362,0,05483919;0,1045362,0,2389021,0,03860606;0,1966949,0,0,02507088;0,2815065,0,115237,0,0470915;0,4116583,0,2066124,0,06677546;0,5798032,0,3040222,0,08238047;0,4672359,0,5447665,0,07794435;0,2945239,0,6421432,0,06263376;0,1450446,0,7539824,0,04550156;0,02069544,0,8366097,0,02470821;0,0,9706998,0;0,08655459,0,93595,0,02464754;0,2065793,0,9395795,0,04711356;0,3467037,0,9431868,0,06788484;0,5359192,0,9693209,0,0833878;0,5735372,0,9049069,0,08520458;0,5735372,0,9049069,0,08520458;Time
0,6102327,0,4584266,0,04254154;0,471965,0,3474239,0,03509686;0,3378163,0,2376121,0,02689108;0,2299744,0,1143156,0,01668857;0,1971669,0,0;0,3943339,0,03348794,0,002294461;0,5974284,0,05125266,0,00348814;0,8073637,0,06821153,0,002437165;1,0,1442488,0,002649823;0,7833133,0,1724987,0,009826449;0,575133,0,2342186,0,01748883;0,3679196,0,2973353,0,02301344;0,1679232,0,3694597,0,02544781;0,0,4936785,0,02630851;0,1762325,0,5347146,0,03257407;0,3721817,0,5200838,0,03550259;0,5750434,0,5175588,0,03670522;0,7857309,0,539111,0,03476109;0,6504898,0,4962572,0,03185999;0,6504898,0,4962572,0,03185999;Time
0,8850678,0,7467735,0,03075436;0,745868,0,568904,0,04025023;0,6061727,0,3889567,0,04830087;0,4808128,0,1983529,0,05432247;0,3580838,0,008054215,0,05555443;0,579751,0,0,04025261;0,7890463,0,09557351,0,02830473;1,0,1733992,0,0140085;0,8862497,0,3668719,0,02167609;0,6744572,0,4412471,0,03559642;0,456736,0,5149933,0,04756753;0,2317517,0,5770822,0,05776457;0,0,6183732,0,06426156;0,2189603,0,6916808,0,05253172;0,4510742,0,6529443,0,04706355;0,6831309,0,6854852,0,0358216;0,9082677,0,7268906,0,0221342;0,9754847,0,8246659,0;0,8571783,0,717073,0,01994074;0,8571783,0,717073,0,01994074;Time
0,5935711,0,8494338,0,0548833;0,4170307,0,6420105,0,05399143;0,2416776,0,4536809,0,04828371;0,08712523,0,2597112,0,04005145;0,1692888,0,0,03314705;0,3757474,0,06725754,0,04530594;0,6036004,0,119291,0,05467657;0,794538,0,265627,0,06348861;0,5604936,0,3664073,0,05802805;0,3484585,0,4688414,0,04856598;0,1565243,0,5519804,0,03505139;0,007760485,0,6549234,0,01754524;0,0,8732348,0;0,1258004,0,8739876,0,02182901;0,2663373,0,883985,0,0423507;0,4266146,0,8785039,0,06102569;0,6371867,1,0,06897569;0,5189772,0,9478394,0,06241916;0,5189772,0,9478394,0,06241916;0,5189772,0,9478394,0,06241916;Time
0,5685782,0,5881153,0,05123506;0,4090137,0,4476003,0,05514314;0,269853,0,2922791,0,05631229;0,1503015,0,1288776,0,05460709;0,2509119,0,0,0379873;0,4411542,0,08978549,0,03658905;0,6557184,0,1256455,0,03108467;0,8717815,0,1384114,0,02074117;1,0,1954245,0;0,7869705,0,2379564,0,009629144;0,5718284,0,269212,0,01896544;0,3578961,0,3086653,0,02724825;0,152685,0,3778664,0,03359395;0,0,5244665,0,03882071;0,2129573,0,536501,0,0362347;0,4245242,0,5619515,0,03382078;0,6377162,0,6017479,0,02422831;0,6437652,0,6099455,0,0150376;0,6437652,0,6099455,0,0150376;0,6437652,0,6099455,0,0150376;Time
0,6225154,0,6682928,0,02870098;0,4270139,0,5570809,0,02642583;0,2575946,0,4262979,0,02109985;0,1157276,0,2825311,0,012874;0,107479,0,0869341,0;0,3226472,0,03097016,0,002985794;0,5430088,0,02120367,0,006293796;0,7736429,0,0,006562303;1,0,01827277,0,008165587;0,7641533,0,07225097,0,01254821;0,5417677,0,1667367,0,01753468;0,3344662,0,2843354,0,02056164;0,1406641,0,4130086,0,02081344;0,0,5959846,0,02017619;0,1925229,0,5896168,0,02880659;0,4004735,0,5836691,0,03465765;0,6224772,0,6190212,0,0366971;0,6552995,0,7299372,0,02789963;0,6552995,0,7299372,0,02789963;0,6552995,0,7299372,0,02789963;Time
0,6549276,0,791163,0,1004095;0,411539,0,8215638,0,08820976;0,2003916,0,8386242,0,07144384;0,02456598,0,7723665,0,05175728;0,0,6635818,0,02342384;0,2060828,0,625793,0,04070291;0,4239133,0,566819,0,05601015;0,638089,0,4582953,0,06964822;0,7979898,0,2057825,0,07183707;0,5577078,0,2263673,0,05898218;0,343976,0,1996606,0,0426258;0,1690641,0,1266545,0,02299145;0,05978332,0,0;0,09787234,0,1792194,0,02380727;0,1947788,0,4013314,0,03979327;0,2752904,0,626524,0,0565233;0,3795066,0,828756,0,07398839;0,5196189,0,8990602,0,09667145;0,5123352,1,0,09487991;0,5123352,1,0,09487991;Time
0,9193336,0,6816698,0,05777422;0,6295484,0,673535,0,05734799;0,3542306,0,653405,0,05311922;0,1099907,0,6087852,0,04331905;0,03860393,0,3900701,0,02731197;0,2656242,0,4069122,0,04033091;0,5117639,0,3755054,0,05021327;0,7652102,0,2933777,0,05682663;0,8899362,0,03452433,0,04723729;0,6229967,0,111586,0,04322772;0,371718,0,09027474,0,03410952;0,1531979,0,01855911,0,02126793;0,0,0;0,167714,0,1755565,0,01216724;0,341322,0,3270617,0,02581866;0,5351454,0,4751084,0,03712355;0,7522529,0,6049857,0,04652108;1,0,7158654,0,05198439;0,8505529,0,6489357,0,0469572;0,8505529,0,6489357,0,0469572;Time
0,09018947,0,8743579,0,1547088;0,01650526,0,8791579,0,1227421;0,0,9428912,0,08879825;0,02242807,0,9821474,0,05336842;0,0674807,1,0,01733509;0,09897543,0,7570807,0,04129474;0,1157614,0,5984141,0,07199474;0,1519719,0,4307228,0,101393;0,2256281,0,2658386,0,1290772;0,2448281,0,01257544,0,1056825;0,2106105,0,008238597,0,07194035;0,2324491,0,0,03641316;0,3095018,0,02259649,0;0,2770807,0,2401825,0,02746316;0,2180772,0,4179368,0,05822983;0,1923368,0,5818245,0,08924912;0,2247579,0,7291509,0,1193219;0,3747649,0,8606456,0,1279719;0,3747649,0,8606456,0,1279719;0,3747649,0,8606456,0,1279719;Time
0,9379398,0,6438149,0,02281551;0,7226977,0,5248488,0,02404523;0,529442,0,3797501,0,02361373;0,3731789,0,198971,0,02198401;0,269162,0,0,01528146;0,5050211,0,07880673,0,01305085;0,736715,0,1625014,0,01186333;0,9849557,0,2200065,0,006212199;1,0,4571874,0;0,7468713,0,4250067,0,01117863;0,4947126,0,4672391,0,01974507;0,2423447,0,501978,0,02623245;0,0,5513808,0,02802146;0,1723915,0,7311613,0,02257836;0,3934726,0,6637377,0,02595905;0,6426452,0,6949104,0,02254924;0,8967819,0,7263209,0,015099;0,7538514,0,7337004,0,008380407;0,7538514,0,7337004,0,008380407;0,7538514,0,7337004,0,008380407;Time
0,4276772,0,7213474,0,08825965;0,315593,0,5640702,0,06862982;0,2510035,0,3695719,0,04876491;0,3232842,0,1079158,0,03457719;0,5456842,0,0,04558772;0,7640702,0,00322807,0,06024737;1,0,01254737,0,07237018;0,8742737,0,2772912,0,07198597;0,6772772,0,1243789,0,06097193;0,4626807,0,2713403,0,05197544;0,2668351,0,4078175,0,0392114;0,1041123,0,5411789,0,02226842;0,0,6707789,0;0,0795228,0,8602526,0,01947456;0,2113123,0,8565474,0,04297895;0,3537404,0,8719298,0,06552894;0,5271298,0,8330807,0,08498158;0,5089403,0,8965474,0,07355088;0,5089403,0,8965474,0,07355088;0,5089403,0,8965474,0,07355088;Time
0,6904453,0,7530304,0,02667291;0,5313926,0,5743703,0,0290868;0,3848297,0,3899617,0,02930648;0,2533827,0,2046485,0,02602791;0,159437,0,0,02144081;0,3546621,0,01310628,0,03019067;0,5595587,0,05609198,0,03652163;0,7820531,0,09276873,0,03923676;1,0,1806456,0,0391577;0,7688588,0,2416535,0,04085103;0,5532337,0,3347424,0,04090207;0,3550464,0,4403612,0,0376305;0,1727915,0,5355319,0,03011561;0,01002386,0,5927848,0,01772089;0,0,7553842,0;0,1267233,0,6928152,0,01614566;0,2976413,0,678596,0,02838525;0,4943396,0,696466,0,03676583;0,7169621,0,7256409,0,03971514;0,770396,0,7430786,0,03868833;Time
0,7167275,0,6657761,0,01090387;0,5516683,0,498017,0,01473593;0,3808557,0,3433753,0,01503268;0,2311015,0,1798242,0,01196284;0,1586728,0,0,001230613;0,345442,0,0891208,0,007358657;0,5509608,0,1500987,0,01167773;0,7714679,0,2015249,0,01278732;1,0,2488363,0,01145721;0,7794928,0,3334233,0,01437926;0,5545356,0,3948201,0,01572915;0,3436546,0,4745941,0,01426405;0,1446339,0,5538281,0,009734932;0,0,6795077,0;0,1972332,0,6687086,0,007657728;0,4060475,0,6755325,0,01307475;0,6274484,0,7015622,0,01516243;0,850041,0,7916232,0,006637163;0,7988754,0,7600078,0,0081459;0,7988754,0,7600078,0,0081459;Time
0,3915236,0,9635066,0,06224904;0,2573758,0,7426242,0,05254878;0,1548613,0,5088999,0,04142999;0,08113997,0,2553436,0,0313793;0,04688686,0,0,01879759;0,2449624,0,08481257,0,03383995;0,415518,0,1684744,0,05196346;0,612859,0,2296599,0,06781915;0,8379404,0,2430404,0,08092191;0,9457924,0,4977842,0,06782986;0,6769091,0,4021252,0,06673573;0,4363783,0,4405896,0,05626882;0,2296844,0,5209705,0,04207882;0,06987733,0,6062238,0,02268443;0,0,7631785,0;0,1282717,0,84389,0,0221167;0,2773547,0,8875205,0,04346981;0,4777318,0,9789315,0,05773251;0,5586269,1,0,0496612;0,5586269,1,0,0496612;Time
0,6466694,0,5802794,0,03031927;0,5150638,0,4178781,0,034139;0,3647297,0,2729196,0,03677617;0,2193156,0,1284774,0,0371191;0,3714112,0,0,02535053;0,5756024,0,06699736,0,01921188;0,7874469,0,1081089,0,01098907;1,0,1251468,0;0,7870824,0,1331039,0,0110536;0,5786799,0,1693663,0,02220085;0,3797327,0,2399271,0,0323813;0,1860903,0,3265135,0,04078698;0,0,4264325,0,04481866;0,06772626,0,619751,0,04058071;0,2785382,0,60492,0,03763667;0,4924681,0,6243066,0,03234777;0,7083012,0,6313424,0,0255454;0,7509415,0,654667,0,01853994;0,7509415,0,654667,0,01853994;0,7509415,0,654667,0,01853994;Time
0,6186733,0,3128115,0,08398129;0,484054,0,21285,0,06795485;0,3768084,0,1355918,0,04849404;0,2829153,0,09849253,0,02698616;0,304879,0,08419783,0;0,5503708,0,1180046,0,002499797;0,772521,0,06660048,0,009353345;1,0,0,01436307;0,9499534,0,06375369,0,04105544;0,7219273,0,1252279,0,03603748;0,4768205,0,2135085,0,03832009;0,2323419,0,2923775,0,03903622;0,0,3760587,0,0365054;0,07940593,0,4462151,0,0582235;0,2632006,0,3706488,0,06990505;0,4593346,0,3118086,0,08048867;0,6910281,0,2363537,0,08348867;0,5716862,0,3806176,0,08012079;0,5716862,0,3806176,0,08012079;0,5716862,0,3806176,0,08012079;Time
0,5159808,0,6857376,0,05213384;0,4300066,0,5186765,0,04375679;0,3396106,0,3757418,0,0325591;0,2848415,0,220424,0,01979171;0,3449439,0,05104534,0,005295809;0,5619255,0,0008824328,0,002675178;0,7815639,0,0,001535772;1,0,03144758,0;0,8126333,0,1546682,0,005252778;0,6028858,0,2385187,0,01117344;0,4088476,0,348561,0,01491408;0,2187658,0,4498856,0,01465832;0,04053373,0,5462938,0,01066798;0,0,7587953,0,01099102;0,1564718,0,7057426,0,02131536;0,3217098,0,7051317,0,03136091;0,4940848,0,7311974,0,04006705;0,6589349,0,7615977,0,04669742;0,6589349,0,7615977,0,04669742;0,6589349,0,7615977,0,04669742;Time
0,7721424,0,9178321,0,06485142;0,5383531,0,716191,0,05778763;0,3349973,0,4986981,0,04783101;0,161008,0,2540741,0,03769974;0,1121061,0,0,01767535;0,3212031,0,1285168,0,03532371;0,5590316,0,1860433,0,0523854;0,8304183,0,2256221,0,06503798;0,8624522,0,5498482,0,07013378;0,5954604,0,4806869,0,05768522;0,3436853,0,563998,0,04321073;0,1203623,0,6392943,0,0246399;0,0,7980033,0;0,1994183,0,889977,0,02046657;0,405289,0,9044825,0,04193261;0,6359283,0,9230525,0,06050741;0,9209567,0,9917819,0,06989086;0,7727775,1,0,05419144;0,7727775,1,0,05419144;0,7727775,1,0,05419144;Time
0,2918451,0,4854196,0,02059386;0,1854196,0,3394574,0,01266361;0,137141,0,1684277,0,002752658;0,266508,0,0;0,4359829,0,02487704,0,008197485;0,6112486,0,05786134,0,01520308;0,7996033,0,09186895,0,01969201;1,0,1458908,0,02004899;0,7912264,0,1568221,0,02019971;0,5869744,0,1830636,0,01934396;0,3923211,0,2343011,0,01709503;0,2152308,0,3074647,0,0123825;0,06117722,0,3992622,0,005005057;0,0,599056,0,004816655;0,1442805,0,567452,0,01635134;0,2978581,0,5213946,0,02625882;0,4592099,0,4837934,0,0352714;0,2922577,0,5595907,0,02895546;0,3600508,0,5465334,0,0304721;0,3600508,0,5465334,0,0304721;Time
0,3505827,1,0,1082019;0,2184612,0,7848935,0,09244265;0,1170312,0,5528625,0,07593908;0,05221247,0,3025723,0,05913443;0,06087199,0,0,0492597;0,1655987,0,04099921,0,07688367;0,2608998,0,1112388,0,1044511;0,3861262,0,1822793,0,1299588;0,2581604,0,3979082,0,1133224;0,1221619,0,4385592,0,08780529;0,03305938,0,5570182,0,0611912;0,0,677938,0,03181154;0,0638204,0,7997168,0;0,1057715,0,8705019,0,03029815;0,1381112,0,8880415,0,06185939;0,2005154,0,9090286,0,09204219;0,3256953,0,9831337,0,1174331;0,2891071,0,9891698,0,1031836;0,2891071,0,9891698,0,1031836;0,2891071,0,9891698,0,1031836;Time
0,05662864,1,0,07888316;0,0582863,0,8116115,0,0651108;0,08070411,0,6207681,0,05114457;0,1140151,0,4188657,0,03874571;0,1825157,0,2191972,0,02626446;0,2723132,0,0,02318299;0,1609346,0,09930142,0,04517257;0,06494849,0,1633027,0,06896535;0,0,2011919,0,09357905;0,04486719,0,4277223,0,08817095;0,07462604,0,401484,0,06374522;0,1503414,0,5438923,0,04370535;0,2602676,0,6509452,0,02176757;0,4138927,0,7290682,0;0,3350831,0,8339267,0,02210108;0,1831945,0,8691637,0,04500582;0,1110155,0,9597032,0,06781337;0,08278802,0,9842917,0,09220064;0,1048743,0,9216245,0,08089355;0,1048743,0,9216245,0,08089355;Time
0,8410057,0,895563,0,06376779;0,6358198,0,6845638,0,0626771;0,4662109,0,4488385,0,0598084;0,3127713,0,2166326,0,05302106;0,1868577,0,0,04008661;0,4330627,0,03859042,0,05085443;0,6699575,0,1035037,0,06218446;0,9380664,0,1098455,0,06933161;1,0,400949,0,06687403;0,7194998,0,3381609,0,06406014;0,470866,0,4464996,0,05705846;0,2586637,0,5687251,0,04490549;0,09191085,0,6796051,0,02655199;0,0,7065914,0;0,161558,0,754717,0,02085887;0,3577484,0,8002002,0,03818632;0,5759327,0,8579283,0,05243776;0,8301437,0,9011739,0,06159202;0,8972496,0,9135988,0,05121776;0,8972496,0,9135988,0,05121776;Time
0,428334,0,6679147,0,03991261;0,3426234,0,4858093,0,03395186;0,2541184,0,3243325,0,02454444;0,1820506,0,1726815,0,01231189;0,2875772,0,0;0,4529715,0,04889141,0,009469627;0,6481353,0,0674106,0,01475863;0,8563758,0,08783833,0,01703072;1,0,2545476,0,009807503;0,7728751,0,2357362,0,01569063;0,5536034,0,2804727,0,01861051;0,3496366,0,349947,0,01810712;0,1611024,0,4295759,0,01449437;0,0,5267013,0,007185548;0,0005844322,0,7238193,0,01658041;0,1728458,0,6667184,0,024674;0,351883,0,6491398,0,03279897;0,5276144,0,7743453,0,03308206;0,5267926,0,7669759,0,03089386;0,5267926,0,7669759,0,03089386;Time
0,7476497,0,6754235,0,01978148;0,6043426,0,5105385,0,02797264;0,4637238,0,3420425,0,03438917;0,3289112,0,1692198,0,0389391;0,1937326,0,0,04030164;0,412328,0,05332856,0,0309582;0,6333095,0,1018691,0,02216953;0,8528116,0,1377078,0,01008311;1,0,2957608,0;0,7845542,0,3221347,0,01395848;0,5765052,0,3918635,0,02605285;0,361298,0,4529945,0,03597292;0,142814,0,5075082,0,04237851;0,0,6567008,0,03949038;0,2203134,0,6202497,0,03547383;0,4463851,0,6339458,0,02901555;0,6712479,0,6626024,0,01989183;0,7771892,0,5250775,0,00318838;0,6632944,0,5720592,0,01572019;0,6632944,0,5720592,0,01572019;Time
0,7354042,0,8449087,0,018514;0,5276987,0,6739606,0,01797149;0,3476759,0,4830715,0,0148184;0,2113525,0,2664513,0,009040729;0,1790631,0,0,006392825;0,3762756,0,08395449,0,01871195;0,5905286,0,1588342,0,0288277;0,8177698,0,2417011,0,03613359;0,8448127,0,5038549,0,04114681;0,5913391,0,5064248,0,03658146;0,3579769,0,5752903,0,0295255;0,1483733,0,6487945,0,01844935;0,0,7283556,0;0,2012007,0,7955362,0,01254039;0,4001834,0,8358446,0,02616646;0,6263583,0,8604455,0,03595631;0,8683153,1,0,02486084;0,684091,0,8872964,0,02754473;0,684091,0,8872964,0,02754473;0,684091,0,8872964,0,02754473;Time
0,6467864,0,9902213,0,02588955;0,4996896,0,8010356,0,03117239;0,3650971,0,6051135,0,03394768;0,2585059,0,396774,0,03396088;0,1662196,0,1903902,0,03001912;0,1417325,0,0,01672627;0,3479983,0,05998237,0,0220452;0,5749516,0,09459594,0,02360164;0,8127204,0,129284,0,02135254;1,0,2832538,0,01410076;0,758655,0,3340349,0,02187135;0,5571947,0,4653119,0,02519185;0,3612974,0,5894365,0,02421087;0,1721924,0,6931406,0,01870452;0,0,7511362,0,007444634;0,1578379,0,932412,0;0,3282546,0,8938248,0,01207129;0,5510977,0,9412097,0,01423891;0,689701,0,9380246,0,01214191;0,689701,0,9380246,0,01214191;Time
0,6839909,1,0,009809449;0,5070863,0,8578413,0,02156435;0,342691,0,6961474,0,02932534;0,209322,0,5102463,0,03357502;0,09056912,0,3222638,0,03254402;0,004757777,0,1324214,0,02621943;0,1890208,0,0,02514024;0,386277,0,06592847,0,02972571;0,6159607,0,08136605,0,02748448;0,8508155,0,1099984,0,01870036;0,7035562,0,2852196,0,02189478;0,524555,0,4294448,0,02502873;0,3445356,0,5595831,0,02396308;0,1634881,0,6560087,0,01833684;0,0,7060611,0,00713635;0,1656654,0,868884,0,001527755;0,3690099,0,8810102,0,007124695;0,5991371,0,9189717,0,004024454;0,6540229,0,8875925,0;0,6540229,0,8875925,0;Time
0,8016765,0,9395409,0,01259661;0,5838345,0,79975,0,02754509;0,3843421,0,6247059,0,03588595;0,2158809,0,4254826,0,03834379;0,09011766,0,2156541,0,03324714;0,01124356,0,05072291,0,0165892;0,2455741,0,0,02171542;0,4921018,0,02341383,0,02477505;0,7572945,0,07008767,0,01963778;1,0,181162,0,006901292;0,8171499,0,3649389,0,01865531;0,6112282,0,5326002,0,02630907;0,3947781,0,6752634,0,02690485;0,1800815,0,770849,0,02056857;0,0,7861763,0,006052209;0,2063831,0,9058064,0,01183621;0,4406906,0,8884757,0,01793096;0,7087749,0,9301738,0,01175162;0,9613243,0,838122,0;0,8362224,0,8864608,0,004488387;Time
0,2678074,0,9885449,0,0756169;0,1308102,0,8183458,0,07068302;0,04261722,0,6236519,0,06359261;0,0,4206048,0,05390633;0,009280371,0,2136508,0,04246102;0,09792856,0,0,03469629;0,08123064,0,1183648,0,05601201;0,1289896,0,2045812,0,07650327;0,2265304,0,2864735,0,09389105;0,3177157,0,4645791,0,1033266;0,180845,0,5471879,0,08946818;0,09120219,0,6351112,0,07150037;0,04217048,0,6783732,0,04959567;0,05537878,0,6892678,0,02501817;0,1632958,0,6874302,0;0,1337351,0,77886,0,0227966;0,1517311,0,8665472,0,04440944;0,2252239,0,9474281,0,06346144;0,3630724,1,0,07825914;0,2769108,0,9578674,0,0710402;Time
0,2568992,0,9588373,0,04841525;0,3549725,0,7915303,0,03354074;0,4436539,0,5984717,0,02241227;0,5404749,0,3963154,0,01417013;0,6467731,0,1906822,0,009516914;0,7670831,0,0,01176704;0,574551,0,138515,0,01826956;0,3647437,0,2379164,0,02972531;0,1644326,0,3206829,0,04505311;0,0,4045783,0,06412104;0,1143334,0,5796311,0,05064877;0,307947,0,615486,0,03173115;0,5205718,0,6730844,0,0159978;0,7590954,0,6855594,0,00495916;1,0,6708693,0;0,8020321,0,7940585,0,01064049;0,56958,0,8464866,0,02085824;0,3688515,0,9284372,0,03619997;0,2122264,0,9876246,0,05699862;0,2981662,0,9280388,0,04543347;Time
0,2900172,0,9329492,0,01811676;0,457621,0,7743557,0,007391586;0,6227885,0,6021927,0,001381686;0,7699045,0,4172569,0;0,8807015,0,2163564,0,002360848;0,8799511,0,0,01132783;0,6831523,0,07742838,0,005959464;0,4723007,0,1457076,0,002667319;0,2357186,0,1832705,0,004713344;0,0,2482396,0,01259837;0,2181811,0,3541896,0,007999386;0,4274906,0,4716069,0,005333673;0,6412821,0,5442756,0,007557028;0,834925,0,6008101,0,01445068;1,0,6091985,0,0261563;0,8407332,0,7708965,0,02396924;0,6457333,0,8321289,0,01744278;0,4257841,0,8966508,0,01623617;0,1864469,0,9435272,0,02185287;0,2600923,0,910981,0,02584501;Time
0,03331072,0,9997222,0,1145383;0,0,8090706,0,09492481;0,002946022,0,5998385,0,07580717;0,03832413,0,3759667,0,05771029;0,1224279,0,1494589,0,04003012;0,3204703,0,0,01876433;0,1910263,0,137326,0,04459775;0,07419324,0,2119262,0,07356858;0,01535033,0,2906806,0,1024982;0,02807766,0,3956714,0,1288598;0,07619601,0,631954,0,1119803;0,101599,0,6897244,0,08278015;0,1858966,0,7554285,0,05308371;0,3324482,0,7855025,0,02352013;0,5814258,0,8171593,0;0,4079465,0,8773589,0,02790443;0,2742901,0,9276093,0,05718618;0,1932875,0,9909681,0,08656806;0,1790871,1,0,115931;0,1871112,0,9840747,0,1142476;Time
0,5034309,0,8699332,0,09481292;0,3234572,0,677747,0,07737876;0,2041716,0,4515359,0,05742752;0,1442788,0,2148278,0,03443237;0,422044,0,0,02419227;0,508225,0,1186949,0,05377085;0,6819958,0,1553554,0,07919857;0,929451,0,1122194,0,09661428;0,8739207,0,3018041,0,0692439;0,5240389,0,2601222,0,07467992;0,3246615,0,3982664,0,05502193;0,1284195,0,5288444,0,03448349;0,0,6707148,0,00843378;0,08604471,1,0;0,1373489,0,8665023,0,03107533;0,2576797,0,8522449,0,06093793;0,4278378,0,9221349,0,08602767;0,5379669,0,8710693,0,08351345;0,5379669,0,8710693,0,08351345;0,5379669,0,8710693,0,08351345;Time
0,6739456,0,9727793,0,02835386;0,4869472,0,7848394,0,0350782;0,3221605,0,5895139,0,03428182;0,1927844,0,3812864,0,02936589;0,1041114,0,1688452,0,01983053;0,08909343,0,0;0,2907625,0,07658909,0,009843856;0,4885103,0,1470997,0,02037554;0,7275096,0,1877159,0,02461878;1,0,1982962,0,01632568;0,743533,0,283121,0,02702704;0,5123947,0,4174787,0,03373653;0,3148297,0,5830835,0,03393505;0,1359024,0,7233232,0,02564224;0,0,8006115,0,00796432;0,2494287,0,7903832,0,01076249;0,3934115,0,910157,0,0249864;0,6485713,0,9434882,0,02519664;0,9198278,0,9699686,0,01525566;0,738003,0,9476472,0,01954946;Time
0,6289302,0,566108,0,08315112;0,5218039,0,3942785,0,0682472;0,3672098,0,2721032,0,05388837;0,2108812,0,1952215,0,03735067;0,09620599,0,1151882,0,01717212;0,3337405,0,0;0,4934161,0,04282608,0,01720494;0,7475875,0,03756138,0,02117179;1,0,09298121,0,02417823;0,7223268,0,1488774,0,03297462;0,4649794,0,2594972,0,04363304;0,2219236,0,3968558,0,05220956;0,0,5572765,0,05499078;0,1288203,0,74148,0,0664722;0,3410451,0,5682701,0,06315656;0,5820732,0,5707253,0,06964277;0,8350231,0,6313977,0,07188271;0,6352088,0,5875089,0,06269697;0,6352088,0,5875089,0,06269697;0,6352088,0,5875089,0,06269697;Time
0,6884876,0,731105,0,00651024;0,5691751,0,5494438,0,01128838;0,4336261,0,3822786,0,01227257;0,3493432,0,1980881,0,007723898;0,4266638,0,0,002362724;0,5822296,0,1380919,0,004341293;0,7964862,0,17493,0,00299165;1,0,259988,0;0,8389404,0,4085779,0,006109086;0,6140227,0,4181376,0,01447636;0,4104817,0,4948462,0,01614471;0,1975033,0,4901276,0,01605123;0,0,5179771,0,01234906;0,04079524,0,6536077,0,02733451;0,2342462,0,5568005,0,01631809;0,4319128,0,6147434,0,01845304;0,6337404,0,7021948,0,01559143;0,7206614,0,508363,0,009736462;0,5952569,0,5672442,0,0133086;0,5952569,0,5672442,0,0133086;Time
0,6069973,0,9446695,0,04285612;0,4084578,0,7903318,0,04064915;0,2532323,0,6019081,0,03586634;0,1366694,0,4047941,0,02696658;0,04794058,0,2162828,0,01399048;0,1424713,0,0;0,224723,0,1654413,0,01605678;0,4136344,0,2543952,0,02676339;0,6308801,0,3314702,0,03359373;0,8688824,0,3951659,0,03689012;0,6341311,0,4919099,0,03552404;0,4046315,0,5691225,0,03104994;0,1962888,0,6526871,0,02286368;0,0,7302123,0,01238528;0,159952,0,8489259,0,02487683;0,3709706,0,8510391,0,03490431;0,5984945,0,9317278,0,03942375;0,8577788,0,9676395,0,03805612;0,7151324,1,0,03244336;0,7151324,1,0,03244336;Time
0,5819028,1,0,0494101;0,388864,0,8249843,0,04662674;0,2419439,0,6157504,0,04184296;0,1192591,0,4325668,0,02963104;0,04453364,0,2363836,0,01474601;0,1453095,0,0,003267483;0,2026511,0,1567241,0,02311604;0,3270231,0,2609768,0,04155296;0,4953153,0,3471169,0,05653944;0,6596705,0,5065893,0,06645693;0,4621068,0,54431,0,05327036;0,2931499,0,6297343,0,03805699;0,1317347,0,6548643,0,02042297;0,0,6412,0;0,06421842,0,8778137,0,009263194;0,1821738,0,8014265,0,02972451;0,3298608,0,8557642,0,04797368;0,5071773,0,9267317,0,06253755;0,5612721,0,9623944,0,05514137;0,5612721,0,9623944,0,05514137;Time
0,8342984,0,794186,0,04937484;0,6540881,0,6241252,0,04734378;0,4949777,0,4461404,0,04238021;0,3567049,0,2664815,0,03426294;0,2361839,0,1168446,0,02043779;0,422933,0,0;0,5299825,0,09926997,0,01845392;0,751789,0,1504182,0,02505589;1,0,2094182,0,02475471;0,8347579,0,4091267,0,03047204;0,5831856,0,4798125,0,03361259;0,356009,0,5836517,0,03221342;0,1530311,0,6825606,0,02487863;0,0,7494978,0,009095453;0,1944959,0,802668,0,02020473;0,4018723,0,8021494,0,03024473;0,6198973,0,798624,0,03843462;0,8609524,0,8462468,0,04075043;0,8391959,0,8628104,0,03284202;0,8391959,0,8628104,0,03284202;Time
